CustomColumn, Frame, TreatmentSensor, PER-X, PER-Y, LeftSector, RightSector, LeftFlagellumTip-X, LeftFlagellumTip-Y, RightFlagellumTip-X, RightFlagellumTip-Y, LeftFlagellumBase-X, LeftFlagellumBase-Y, RightFlagellumBase-X, RightFlagellumBase-Y, RotationAngle, AntennaSensorWidth, AntennaSensorHeight, AntennaSensorOffset-X, AntennaSensorOffset-Y, AntennaSensorScale-X, AntennaSensorScale-Y
Control-01,1,65,308,174,3,4,241,267,414,259,270,254,365,246,-7,258,258,187,107,2.57712741596489,2.57712741596489
Control-01,2,65,308,174,4,4,244,275,414,262,272,259,365,246,-7,258,258,187,107,2.57712741596489,2.57712741596489
Control-01,3,62,308,174,4,4,244,282,414,264,275,262,365,249,-7,258,258,187,107,2.57712741596489,2.57712741596489
Control-01,4,63,308,174,4,4,246,288,414,267,277,264,365,249,-7,258,258,187,107,2.57712741596489,2.57712741596489
Control-01,5,62,308,174,4,4,246,295,414,267,277,267,365,249,-7,258,258,187,107,2.57712741596489,2.57712741596489
Control-01,6,64,308,174,4,4,251,301,411,270,277,267,365,251,-7,258,258,187,107,2.57712741596489,2.57712741596489
Control-01,7,64,308,174,4,4,257,303,411,270,280,270,365,251,-7,258,258,187,107,2.57712741596489,2.57712741596489
Control-01,8,62,308,174,4,4,259,306,411,270,282,272,362,251,-7,258,258,187,107,2.57712741596489,2.57712741596489
Control-01,9,64,308,174,4,4,262,306,411,272,282,272,362,251,-7,258,258,187,107,2.57712741596489,2.57712741596489
Control-01,10,64,308,174,4,4,264,308,409,272,285,275,362,251,-7,258,258,187,107,2.57712741596489,2.57712741596489
Control-01,11,66,308,174,4,4,262,308,409,277,285,275,362,254,-7,258,258,187,107,2.57712741596489,2.57712741596489
Control-01,12,64,308,174,4,4,257,306,406,277,282,272,360,257,-7,258,258,187,107,2.57712741596489,2.57712741596489
Control-01,13,61,308,174,4,4,241,293,404,282,277,264,360,257,-7,258,258,187,107,2.57712741596489,2.57712741596489
Control-01,14,63,308,174,3,4,223,272,404,282,272,257,360,257,-7,258,258,187,107,2.57712741596489,2.57712741596489
Control-01,15,64,308,174,3,4,218,259,404,280,267,244,360,257,-7,258,258,187,107,2.57712741596489,2.57712741596489
Control-01,16,65,308,174,3,4,215,262,406,277,267,246,360,254,-7,258,258,187,107,2.57712741596489,2.57712741596489
Control-01,17,62,308,174,3,3,218,267,406,257,267,249,365,244,-7,258,258,187,107,2.57712741596489,2.57712741596489
Control-01,18,64,308,174,3,2,223,282,378,202,270,254,357,218,-7,258,258,187,107,2.57712741596489,2.57712741596489
Control-01,19,64,308,174,4,2,223,282,368,197,272,257,352,210,-7,258,258,187,107,2.57712741596489,2.57712741596489
Control-01,20,63,308,174,4,2,223,282,355,190,270,254,344,205,-7,258,258,187,107,2.57712741596489,2.57712741596489
Control-01,21,63,308,174,3,2,215,270,355,190,267,249,344,205,-7,258,258,187,107,2.57712741596489,2.57712741596489
Control-01,22,62,308,174,3,2,210,254,355,190,267,239,344,205,-7,258,258,187,107,2.57712741596489,2.57712741596489
Control-01,23,61,308,174,2,4,210,205,393,259,272,226,362,249,-7,258,258,187,107,2.57712741596489,2.57712741596489
Control-01,24,62,308,174,2,4,213,192,399,264,272,223,362,251,-7,258,258,187,107,2.57712741596489,2.57712741596489
Control-01,25,62,308,174,2,4,215,184,401,270,275,218,362,251,-7,258,258,187,107,2.57712741596489,2.57712741596489
Control-01,26,63,308,174,2,4,208,205,404,270,272,223,362,251,-7,258,258,187,107,2.57712741596489,2.57712741596489
Control-01,27,63,308,174,3,4,208,215,411,262,270,228,362,249,-7,258,258,187,107,2.57712741596489,2.57712741596489
Control-01,28,63,308,174,3,3,208,228,414,241,267,233,368,236,-7,258,258,187,107,2.57712741596489,2.57712741596489
Control-01,29,63,308,174,3,3,208,228,411,205,267,233,365,228,-7,258,258,187,107,2.57712741596489,2.57712741596489
Control-01,30,66,308,174,2,3,239,213,406,184,272,226,362,223,-7,258,258,187,107,2.57712741596489,2.57712741596489
Control-01,31,64,308,174,2,2,218,179,399,177,275,218,360,221,-7,258,258,187,107,2.57712741596489,2.57712741596489
Control-01,32,62,308,174,2,2,231,166,386,164,277,215,352,210,-7,258,258,187,107,2.57712741596489,2.57712741596489
Control-01,33,64,308,174,2,2,241,156,375,161,280,213,352,210,-7,258,258,187,107,2.57712741596489,2.57712741596489
Control-01,34,64,308,174,2,2,249,151,360,156,282,210,352,210,-7,258,258,187,107,2.57712741596489,2.57712741596489
Control-01,35,61,308,174,2,2,249,153,352,156,282,210,352,210,-7,258,258,187,107,2.57712741596489,2.57712741596489
Control-01,36,62,308,174,2,2,249,153,352,156,282,210,352,210,-7,258,258,187,107,2.57712741596489,2.57712741596489
Control-01,37,64,308,174,2,2,267,187,344,153,282,210,352,210,-7,258,258,187,107,2.57712741596489,2.57712741596489
Control-01,38,64,308,174,2,2,267,182,347,153,282,210,352,210,-7,258,258,187,107,2.57712741596489,2.57712741596489
Control-01,39,62,308,174,1,2,275,187,355,151,282,208,352,210,-7,258,258,187,107,2.57712741596489,2.57712741596489
Control-01,40,63,308,174,2,2,277,195,375,151,282,208,352,210,-7,258,258,187,107,2.57712741596489,2.57712741596489
Control-01,41,64,308,174,2,2,267,195,383,151,280,213,352,210,-7,258,258,187,107,2.57712741596489,2.57712741596489
Control-01,42,64,308,174,2,2,231,184,399,166,275,218,352,210,-7,258,258,187,107,2.57712741596489,2.57712741596489
Control-01,43,64,308,174,2,2,223,197,406,174,272,223,352,210,-7,258,258,187,107,2.57712741596489,2.57712741596489
Control-01,44,64,308,174,2,2,244,197,404,174,275,218,352,210,-7,258,258,187,107,2.57712741596489,2.57712741596489
Control-01,45,63,308,174,2,2,270,200,399,164,280,213,352,210,-7,258,258,187,107,2.57712741596489,2.57712741596489
Control-01,46,62,308,174,2,2,270,187,391,156,282,210,352,210,-7,258,258,187,107,2.57712741596489,2.57712741596489
Control-01,47,65,308,174,1,2,275,177,388,156,285,205,352,210,-7,258,258,187,107,2.57712741596489,2.57712741596489
Control-01,48,65,308,174,1,2,264,151,388,156,272,159,352,210,-7,258,258,187,107,2.57712741596489,2.57712741596489
Control-01,49,65,308,174,2,2,264,174,393,159,282,208,352,210,-7,258,258,187,107,2.57712741596489,2.57712741596489
Control-01,50,65,308,174,2,2,257,187,401,166,282,210,352,210,-7,258,258,187,107,2.57712741596489,2.57712741596489
Control-01,51,65,308,174,2,2,254,202,406,177,275,218,352,210,-7,258,258,187,107,2.57712741596489,2.57712741596489
Control-01,52,67,308,174,2,2,251,200,406,179,275,218,360,218,-7,258,258,187,107,2.57712741596489,2.57712741596489
Control-01,53,62,308,174,2,2,249,195,409,184,277,215,360,218,-7,258,258,187,107,2.57712741596489,2.57712741596489
Control-01,54,65,308,174,2,2,267,184,411,187,282,210,360,218,-7,258,258,187,107,2.57712741596489,2.57712741596489
Control-01,55,62,308,174,1,3,280,148,411,187,282,210,360,218,-7,258,258,187,107,2.57712741596489,2.57712741596489
Control-01,56,62,308,174,1,3,282,179,411,190,282,210,360,218,-7,258,258,187,107,2.57712741596489,2.57712741596489
Control-01,57,63,308,174,1,3,282,190,411,190,282,210,362,221,-7,258,258,187,107,2.57712741596489,2.57712741596489
Control-01,58,64,308,174,1,3,280,151,411,190,282,210,362,221,-7,258,258,187,107,2.57712741596489,2.57712741596489
Control-01,59,62,308,174,1,3,272,148,414,190,280,210,362,221,-7,258,258,187,107,2.57712741596489,2.57712741596489
Control-01,60,63,308,174,2,3,257,159,417,195,280,210,362,223,-7,258,258,187,107,2.57712741596489,2.57712741596489
Control-01,61,61,308,174,2,3,249,174,419,202,277,215,362,226,-7,258,258,187,107,2.57712741596489,2.57712741596489
Control-01,62,61,308,174,2,3,254,177,422,215,280,213,365,228,-7,258,258,187,107,2.57712741596489,2.57712741596489
Control-01,63,64,308,174,2,3,264,184,422,223,282,210,368,236,-7,258,258,187,107,2.57712741596489,2.57712741596489
Control-01,64,62,308,174,1,3,267,169,422,226,285,205,368,236,-7,258,258,187,107,2.57712741596489,2.57712741596489
Control-01,65,61,308,174,1,3,275,169,422,228,285,202,368,236,-7,258,258,187,107,2.57712741596489,2.57712741596489
Control-01,66,61,308,174,1,3,275,166,422,231,285,200,368,236,-7,258,258,187,107,2.57712741596489,2.57712741596489
Control-01,67,63,308,174,1,3,270,161,422,241,285,202,368,236,-7,258,258,187,107,2.57712741596489,2.57712741596489
Control-01,68,64,308,174,1,3,267,156,422,244,285,202,368,236,-7,258,258,187,107,2.57712741596489,2.57712741596489
Control-01,69,67,308,174,2,3,270,177,419,249,282,210,365,244,-7,258,258,187,107,2.57712741596489,2.57712741596489
Control-01,70,63,308,174,2,3,262,190,419,254,280,213,365,246,-7,258,258,187,107,2.57712741596489,2.57712741596489
Control-01,71,62,308,174,2,4,264,200,417,259,275,218,365,246,-7,258,258,187,107,2.57712741596489,2.57712741596489
Control-01,72,65,308,174,3,4,259,223,411,267,270,228,362,251,-7,258,258,187,107,2.57712741596489,2.57712741596489
Control-01,73,63,308,174,3,4,259,233,411,272,267,236,362,251,-7,258,258,187,107,2.57712741596489,2.57712741596489
Control-01,74,63,308,174,3,4,259,233,411,272,267,236,362,251,-7,258,258,187,107,2.57712741596489,2.57712741596489
Control-01,75,64,308,174,3,4,259,233,411,270,267,236,362,251,-7,258,258,187,107,2.57712741596489,2.57712741596489
Control-01,76,65,308,174,3,4,259,231,411,270,270,231,362,251,-7,258,258,187,107,2.57712741596489,2.57712741596489
Control-01,77,65,308,174,2,4,267,202,411,270,277,215,362,251,-7,258,258,187,107,2.57712741596489,2.57712741596489
Control-01,78,66,308,174,2,4,270,190,406,275,282,210,360,257,-7,258,258,187,107,2.57712741596489,2.57712741596489
Control-01,79,66,308,174,2,4,270,190,406,275,282,210,360,257,-7,258,258,187,107,2.57712741596489,2.57712741596489
Control-01,80,64,308,174,2,4,270,190,401,285,282,210,357,262,-7,258,258,187,107,2.57712741596489,2.57712741596489
Control-01,81,65,308,174,2,4,270,190,399,288,282,210,357,262,-7,258,258,187,107,2.57712741596489,2.57712741596489
Control-01,82,63,308,174,4,4,264,270,399,288,275,262,357,262,-7,258,258,187,107,2.57712741596489,2.57712741596489
Control-01,83,64,308,174,4,4,262,277,399,288,277,267,357,262,-7,258,258,187,107,2.57712741596489,2.57712741596489
Control-01,84,63,308,174,4,4,264,282,399,285,277,267,357,262,-7,258,258,187,107,2.57712741596489,2.57712741596489
Control-01,85,64,308,174,3,4,251,223,393,285,272,226,357,262,-7,258,258,187,107,2.57712741596489,2.57712741596489
Control-01,86,63,308,174,2,4,251,197,383,264,280,213,360,254,-7,258,258,187,107,2.57712741596489,2.57712741596489
Control-01,87,62,308,174,2,3,259,179,391,210,282,210,362,226,-7,258,258,187,107,2.57712741596489,2.57712741596489
Control-01,88,62,308,174,2,3,259,179,391,210,282,210,362,226,-7,258,258,187,107,2.57712741596489,2.57712741596489
Control-01,89,64,308,174,2,2,264,174,381,187,285,205,352,210,-7,258,258,187,107,2.57712741596489,2.57712741596489
Control-01,90,62,308,174,2,2,259,197,378,161,280,213,352,210,-7,258,258,187,107,2.57712741596489,2.57712741596489
Control-01,91,63,308,174,2,2,262,221,378,156,270,228,352,210,-7,258,258,187,107,2.57712741596489,2.57712741596489
Control-01,92,64,308,174,3,2,257,239,391,171,267,239,352,210,-7,258,258,187,107,2.57712741596489,2.57712741596489
Control-01,93,65,308,174,3,3,257,241,414,215,267,241,360,221,-7,258,258,187,107,2.57712741596489,2.57712741596489
Control-01,94,63,308,174,3,3,259,246,419,226,267,233,365,231,-7,258,258,187,107,2.57712741596489,2.57712741596489
Control-01,95,66,308,174,2,3,259,197,422,236,280,213,368,236,-7,258,258,187,107,2.57712741596489,2.57712741596489
Control-01,96,64,308,174,2,3,267,177,422,236,282,208,368,236,-7,258,258,187,107,2.57712741596489,2.57712741596489
Control-01,97,64,308,174,1,3,270,166,422,241,285,200,368,236,-7,258,258,187,107,2.57712741596489,2.57712741596489
Control-01,98,65,308,174,1,4,272,161,419,257,285,195,365,246,-7,258,258,187,107,2.57712741596489,2.57712741596489
Control-01,99,66,308,174,1,4,272,174,414,262,285,202,365,246,-7,258,258,187,107,2.57712741596489,2.57712741596489
Control-01,100,64,308,174,2,4,275,200,417,262,282,210,362,249,-7,258,258,187,107,2.57712741596489,2.57712741596489
Control-01,101,61,308,174,2,4,275,200,419,259,282,210,365,246,-7,258,258,187,107,2.57712741596489,2.57712741596489
Control-01,102,62,308,174,3,3,259,241,396,246,267,236,368,236,-7,258,258,187,107,2.57712741596489,2.57712741596489
Control-01,103,62,308,174,3,3,249,249,419,221,267,244,360,221,-7,258,258,187,107,2.57712741596489,2.57712741596489
Control-01,104,64,308,174,3,2,241,249,393,187,267,244,352,210,-7,258,258,187,107,2.57712741596489,2.57712741596489
Control-01,105,61,308,174,3,2,236,249,360,187,267,233,352,210,-7,258,258,187,107,2.57712741596489,2.57712741596489
Control-01,106,59,308,174,2,2,226,195,350,179,272,223,347,179,-7,258,258,187,107,2.57712741596489,2.57712741596489
Control-01,107,63,308,174,2,1,246,184,355,141,282,210,337,197,-7,258,258,187,107,2.57712741596489,2.57712741596489
Control-01,108,64,308,174,2,2,239,156,355,153,282,210,342,202,-7,258,258,187,107,2.57712741596489,2.57712741596489
Control-01,109,64,308,174,2,2,239,159,362,177,282,210,350,208,-7,258,258,187,107,2.57712741596489,2.57712741596489
Control-01,110,63,308,174,2,2,223,171,365,200,280,213,352,210,-7,258,258,187,107,2.57712741596489,2.57712741596489
Control-01,111,62,308,174,2,2,215,182,360,182,277,215,347,200,-7,258,258,187,107,2.57712741596489,2.57712741596489
Control-01,112,64,308,174,2,2,210,197,350,182,272,221,342,202,-7,258,258,187,107,2.57712741596489,2.57712741596489
Control-01,113,63,308,174,2,1,213,208,352,133,272,223,337,197,-7,258,258,187,107,2.57712741596489,2.57712741596489
Control-01,114,64,308,174,3,1,221,228,347,133,270,231,334,195,-7,258,258,187,107,2.57712741596489,2.57712741596489
Control-01,115,64,308,174,3,1,228,254,337,187,267,244,337,197,-7,258,258,187,107,2.57712741596489,2.57712741596489
Control-01,116,62,308,174,3,2,228,267,352,174,267,249,344,205,-7,258,258,187,107,2.57712741596489,2.57712741596489
Control-01,117,64,308,174,3,2,226,270,352,174,267,249,344,205,-7,258,258,187,107,2.57712741596489,2.57712741596489
Control-01,118,63,308,174,3,2,218,259,352,174,267,239,344,205,-7,258,258,187,107,2.57712741596489,2.57712741596489
Control-01,119,63,308,174,3,2,249,228,352,174,272,226,344,205,-7,258,258,187,107,2.57712741596489,2.57712741596489
Control-01,120,63,308,174,2,2,246,190,362,195,280,213,350,208,-7,258,258,187,107,2.57712741596489,2.57712741596489
Control-01,121,62,308,174,2,1,231,164,350,166,282,210,339,200,-7,258,258,187,107,2.57712741596489,2.57712741596489
Control-01,122,63,308,174,2,1,254,179,352,141,282,210,344,156,-7,258,258,187,107,2.57712741596489,2.57712741596489
Control-01,123,63,308,174,2,1,241,192,350,171,277,215,350,174,-7,258,258,187,107,2.57712741596489,2.57712741596489
Control-01,124,62,308,174,2,2,249,210,375,171,272,226,352,210,-7,258,258,187,107,2.57712741596489,2.57712741596489
Control-01,125,60,308,174,3,2,251,231,386,169,267,236,352,210,-7,258,258,187,107,2.57712741596489,2.57712741596489
Control-01,126,61,308,174,3,2,251,223,396,182,272,226,352,210,-7,258,258,187,107,2.57712741596489,2.57712741596489
Control-01,127,62,308,174,2,3,259,205,406,208,280,213,360,221,-7,258,258,187,107,2.57712741596489,2.57712741596489
Control-01,128,64,308,174,2,3,262,177,414,218,282,208,365,228,-7,258,258,187,107,2.57712741596489,2.57712741596489
Control-01,129,64,308,174,1,3,267,153,417,226,285,195,365,231,-7,258,258,187,107,2.57712741596489,2.57712741596489
Control-01,130,62,308,174,2,3,267,182,419,221,282,208,365,228,-7,258,258,187,107,2.57712741596489,2.57712741596489
Control-01,131,60,308,174,2,3,270,208,422,218,277,215,365,228,-7,258,258,187,107,2.57712741596489,2.57712741596489
Control-01,132,61,308,174,3,3,254,226,419,215,272,226,365,228,-7,258,258,187,107,2.57712741596489,2.57712741596489
Control-01,133,63,308,174,3,3,251,228,417,202,270,231,360,221,-7,258,258,187,107,2.57712741596489,2.57712741596489
Control-01,134,64,308,174,2,2,251,197,375,190,277,215,352,210,-7,258,258,187,107,2.57712741596489,2.57712741596489
Control-01,135,64,308,174,2,2,254,174,368,151,282,210,342,202,-7,258,258,187,107,2.57712741596489,2.57712741596489
Control-01,136,62,308,174,2,1,244,153,357,151,282,208,337,197,-7,258,258,187,107,2.57712741596489,2.57712741596489
Control-01,137,60,308,174,1,2,244,153,357,171,285,205,344,205,-7,258,258,187,107,2.57712741596489,2.57712741596489
Control-01,138,63,308,174,2,2,249,182,373,202,282,210,352,210,-7,258,258,187,107,2.57712741596489,2.57712741596489
Control-01,139,66,308,174,2,3,241,184,381,215,277,215,360,221,-7,258,258,187,107,2.57712741596489,2.57712741596489
Control-01,140,62,308,174,2,3,239,208,391,226,272,226,365,231,-7,258,258,187,107,2.57712741596489,2.57712741596489
Control-01,141,61,308,174,3,3,233,231,396,228,267,236,368,236,-7,258,258,187,107,2.57712741596489,2.57712741596489
Control-01,142,64,308,174,3,3,239,254,404,228,267,244,368,236,-7,258,258,187,107,2.57712741596489,2.57712741596489
Control-01,143,62,308,174,3,3,236,259,406,233,267,249,368,236,-7,258,258,187,107,2.57712741596489,2.57712741596489
Control-01,144,62,308,174,3,3,236,267,404,236,267,249,368,236,-7,258,258,187,107,2.57712741596489,2.57712741596489
Control-01,145,63,308,174,3,3,233,249,401,241,267,236,368,236,-7,258,258,187,107,2.57712741596489,2.57712741596489
Control-01,146,65,308,174,2,3,236,205,393,249,275,218,365,244,-7,258,258,187,107,2.57712741596489,2.57712741596489
Control-01,147,65,308,174,2,4,259,184,386,254,282,210,362,249,-7,258,258,187,107,2.57712741596489,2.57712741596489
Control-01,148,62,308,174,1,4,272,184,386,254,285,205,362,249,-7,258,258,187,107,2.57712741596489,2.57712741596489
Control-01,149,64,308,174,1,4,267,169,386,254,285,202,362,249,-7,258,258,187,107,2.57712741596489,2.57712741596489
Control-01,150,65,308,174,1,4,267,171,386,254,285,202,362,249,-7,258,258,187,107,2.57712741596489,2.57712741596489
Control-01,151,64,308,174,2,4,262,202,388,257,282,210,362,249,-7,258,258,187,107,2.57712741596489,2.57712741596489
Control-01,152,63,308,174,2,4,262,213,391,259,272,226,362,251,-7,258,258,187,107,2.57712741596489,2.57712741596489
Control-01,153,64,308,174,3,4,254,228,396,259,270,231,362,251,-7,258,258,187,107,2.57712741596489,2.57712741596489
Control-01,154,64,308,174,2,3,257,179,393,200,282,210,357,218,-7,258,258,187,107,2.57712741596489,2.57712741596489
Control-01,155,62,308,174,1,2,275,179,368,169,285,200,362,179,-7,258,258,187,107,2.57712741596489,2.57712741596489
Control-01,156,63,308,174,1,2,275,179,357,190,285,200,344,205,-7,258,258,187,107,2.57712741596489,2.57712741596489
Control-01,157,60,308,174,2,1,257,184,342,187,282,210,339,200,-7,258,258,187,107,2.57712741596489,2.57712741596489
Control-01,158,62,308,174,2,1,251,197,355,141,277,215,342,179,-7,258,258,187,107,2.57712741596489,2.57712741596489
Control-01,159,60,308,174,2,2,257,205,362,169,277,215,344,205,-7,258,258,187,107,2.57712741596489,2.57712741596489
Control-01,160,58,308,174,2,2,262,184,375,179,282,210,350,208,-7,258,258,187,107,2.57712741596489,2.57712741596489
Control-01,161,60,308,174,1,2,259,159,391,190,285,205,357,218,-7,258,258,187,107,2.57712741596489,2.57712741596489
Control-01,162,59,308,174,1,3,272,174,401,205,285,200,360,221,-7,258,258,187,107,2.57712741596489,2.57712741596489
Control-01,163,63,308,174,1,2,259,153,399,192,285,202,352,210,-7,258,258,187,107,2.57712741596489,2.57712741596489
Control-01,164,60,308,174,2,3,259,182,393,200,282,210,360,221,-7,258,258,187,107,2.57712741596489,2.57712741596489
Control-01,165,60,308,174,2,3,259,202,391,218,275,218,362,226,-7,258,258,187,107,2.57712741596489,2.57712741596489
Control-01,166,60,308,174,3,3,246,236,393,244,270,231,368,236,-7,258,258,187,107,2.57712741596489,2.57712741596489
Control-01,167,58,308,174,3,3,241,249,399,249,267,241,365,244,-7,258,258,187,107,2.57712741596489,2.57712741596489
Control-01,168,60,308,174,3,4,241,249,399,257,267,244,365,246,-7,258,258,187,107,2.57712741596489,2.57712741596489
Control-01,169,59,308,174,3,4,246,244,396,259,267,236,362,249,-7,258,258,187,107,2.57712741596489,2.57712741596489
Control-01,170,60,308,174,2,4,249,190,399,257,280,213,362,249,-7,258,258,187,107,2.57712741596489,2.57712741596489
Control-01,171,56,308,174,2,3,270,197,383,208,282,210,362,226,-7,258,258,187,107,2.57712741596489,2.57712741596489
Control-01,172,54,308,174,1,2,262,171,381,195,285,205,352,210,-7,258,258,187,107,2.57712741596489,2.57712741596489
Control-01,173,55,308,174,2,3,249,166,381,195,282,210,360,221,-7,258,258,187,107,2.57712741596489,2.57712741596489
Control-01,174,52,308,174,2,3,251,202,401,239,272,226,368,236,-7,258,258,187,107,2.57712741596489,2.57712741596489
Control-01,175,51,308,174,1,3,259,239,414,249,270,231,368,236,-7,258,258,187,107,2.57712741596489,2.57712741596489
Control-01,176,49,308,174,2,4,254,233,414,259,267,236,365,246,-7,258,258,187,107,2.57712741596489,2.57712741596489
Control-01,177,50,308,174,2,4,262,210,411,267,277,215,362,251,-7,258,258,187,107,2.57712741596489,2.57712741596489
Control-01,178,49,308,174,2,4,262,187,411,270,282,208,362,251,-7,258,258,187,107,2.57712741596489,2.57712741596489
Control-01,179,48,308,174,1,4,267,159,417,262,285,197,365,246,-7,258,258,187,107,2.57712741596489,2.57712741596489
Control-01,180,51,308,174,1,3,275,169,383,184,285,195,378,195,-7,258,258,187,107,2.57712741596489,2.57712741596489
Control-01,181,47,308,174,2,3,270,179,419,241,282,208,368,236,-7,258,258,187,107,2.57712741596489,2.57712741596489
Control-01,182,49,308,174,2,3,246,251,419,254,272,226,368,236,-7,258,258,187,107,2.57712741596489,2.57712741596489
Control-01,183,48,308,174,3,4,246,251,417,262,267,236,365,246,-7,258,258,187,107,2.57712741596489,2.57712741596489
Control-01,184,46,308,174,3,4,257,267,411,267,272,257,365,249,-7,258,258,187,107,2.57712741596489,2.57712741596489
Control-01,185,47,308,174,4,4,249,270,409,272,275,262,362,251,-7,258,258,187,107,2.57712741596489,2.57712741596489
Control-01,186,48,308,174,4,4,254,282,411,272,277,264,362,251,-7,258,258,187,107,2.57712741596489,2.57712741596489
Control-01,187,46,308,174,4,4,251,282,406,275,277,264,362,254,-7,258,258,187,107,2.57712741596489,2.57712741596489
Control-01,188,48,308,174,3,2,236,259,378,135,267,246,370,171,-7,258,258,187,107,2.57712741596489,2.57712741596489
Control-01,189,48,308,174,3,2,241,233,378,135,272,226,365,228,-7,258,258,187,107,2.57712741596489,2.57712741596489
Control-01,190,45,308,174,2,2,262,213,378,135,280,213,375,197,-7,258,258,187,107,2.57712741596489,2.57712741596489
Control-01,191,46,308,174,2,2,254,179,378,135,282,210,373,190,-7,258,258,187,107,2.57712741596489,2.57712741596489
Control-01,192,47,308,174,2,2,236,153,383,138,282,210,381,197,-7,258,258,187,107,2.57712741596489,2.57712741596489
Control-01,193,45,308,174,2,2,251,182,342,192,280,213,342,202,-7,258,258,187,107,2.57712741596489,2.57712741596489
Control-01,194,44,308,174,2,2,249,208,383,141,272,221,381,153,-7,258,258,187,107,2.57712741596489,2.57712741596489
Control-01,195,43,308,174,2,3,257,221,375,226,272,223,362,226,-7,258,258,187,107,2.57712741596489,2.57712741596489
Control-01,196,44,308,174,3,3,213,231,386,241,267,236,368,236,-7,258,258,187,107,2.57712741596489,2.57712741596489
Control-01,197,43,308,174,3,3,228,251,396,251,267,244,365,244,-7,258,258,187,107,2.57712741596489,2.57712741596489
Control-01,198,43,308,174,3,4,233,262,401,257,267,249,365,246,-7,258,258,187,107,2.57712741596489,2.57712741596489
Control-01,199,38,308,174,3,4,226,228,401,262,267,233,362,249,-7,258,258,187,107,2.57712741596489,2.57712741596489
Control-01,200,38,308,174,2,4,241,210,404,267,275,218,362,251,-7,258,258,187,107,2.57712741596489,2.57712741596489
Control-01,201,39,308,174,2,4,249,182,406,270,280,210,362,251,-7,258,258,187,107,2.57712741596489,2.57712741596489
Control-01,202,38,308,174,2,4,264,177,411,264,282,205,362,249,-7,258,258,187,107,2.57712741596489,2.57712741596489
Control-01,203,38,308,174,1,3,264,164,417,239,285,202,365,244,-7,258,258,187,107,2.57712741596489,2.57712741596489
Control-01,204,37,308,174,1,3,270,171,419,215,282,205,360,221,-7,258,258,187,107,2.57712741596489,2.57712741596489
Control-01,205,37,308,174,2,2,267,200,401,164,282,210,391,205,-7,258,258,187,107,2.57712741596489,2.57712741596489
Control-01,206,36,308,174,3,2,249,241,365,164,267,236,350,192,-7,258,258,187,107,2.57712741596489,2.57712741596489
Control-01,207,36,308,174,3,2,244,251,347,190,267,241,344,205,-7,258,258,187,107,2.57712741596489,2.57712741596489
Control-01,208,35,308,174,3,2,236,257,388,200,267,246,386,200,-7,258,258,187,107,2.57712741596489,2.57712741596489
Control-01,209,34,308,174,3,3,233,264,375,221,267,249,357,218,-7,258,258,187,107,2.57712741596489,2.57712741596489
Control-01,210,35,308,174,3,3,226,262,375,228,267,241,365,231,-7,258,258,187,107,2.57712741596489,2.57712741596489
Control-01,211,35,308,174,3,2,249,221,378,251,270,231,365,244,-7,258,258,187,107,2.57712741596489,2.57712741596489
Control-01,212,35,308,174,2,4,267,210,381,257,277,215,362,249,-7,258,258,187,107,2.57712741596489,2.57712741596489
Control-01,213,34,308,174,2,4,259,190,391,257,282,210,362,249,-7,258,258,187,107,2.57712741596489,2.57712741596489
Control-01,214,35,308,174,2,4,257,179,391,262,282,210,362,249,-7,258,258,187,107,2.57712741596489,2.57712741596489
Control-01,215,32,308,174,2,4,246,195,396,262,280,213,362,251,-7,258,258,187,107,2.57712741596489,2.57712741596489
Control-01,216,32,308,174,2,4,244,213,401,267,272,226,362,251,-7,258,258,187,107,2.57712741596489,2.57712741596489
Control-01,217,30,308,174,3,4,254,233,404,272,267,236,362,251,-7,258,258,187,107,2.57712741596489,2.57712741596489
Control-01,218,33,308,174,3,4,251,257,406,272,267,246,362,251,-7,258,258,187,107,2.57712741596489,2.57712741596489
Control-01,219,33,308,174,3,4,251,257,406,272,267,246,362,251,-7,258,258,187,107,2.57712741596489,2.57712741596489
Control-01,220,31,308,174,3,4,241,267,409,270,267,249,362,251,-7,258,258,187,107,2.57712741596489,2.57712741596489
Control-01,221,33,308,174,3,4,236,275,411,270,270,254,362,251,-7,258,258,187,107,2.57712741596489,2.57712741596489
Control-01,222,35,308,174,4,4,233,282,411,270,272,257,362,251,-7,258,258,187,107,2.57712741596489,2.57712741596489
Control-01,223,35,308,174,4,4,236,288,414,264,272,259,362,249,-7,258,258,187,107,2.57712741596489,2.57712741596489
Control-01,224,35,308,174,4,4,236,290,414,267,275,262,362,251,-7,258,258,187,107,2.57712741596489,2.57712741596489
Control-01,225,34,308,174,4,4,236,290,414,270,275,262,362,251,-7,258,258,187,107,2.57712741596489,2.57712741596489
Control-01,226,33,308,174,4,4,236,290,411,272,275,262,362,251,-7,258,258,187,107,2.57712741596489,2.57712741596489
Control-01,227,34,308,174,3,4,233,282,411,272,270,254,362,251,-7,258,258,187,107,2.57712741596489,2.57712741596489
Control-01,228,34,308,174,3,4,233,251,414,270,267,236,362,251,-7,258,258,187,107,2.57712741596489,2.57712741596489
Control-01,229,35,308,174,2,4,244,213,411,272,275,218,362,251,-7,258,258,187,107,2.57712741596489,2.57712741596489
Control-01,230,37,308,174,2,4,254,184,414,267,282,210,362,251,-7,258,258,187,107,2.57712741596489,2.57712741596489
Control-01,231,33,308,174,1,3,267,174,422,244,285,205,365,244,-7,258,258,187,107,2.57712741596489,2.57712741596489
Control-01,232,35,308,174,1,3,264,159,419,215,285,200,365,231,-7,258,258,187,107,2.57712741596489,2.57712741596489
Control-01,233,34,308,174,2,3,267,182,422,200,282,208,388,213,-7,258,258,187,107,2.57712741596489,2.57712741596489
Control-01,234,35,308,174,2,2,259,202,406,169,277,215,386,197,-7,258,258,187,107,2.57712741596489,2.57712741596489
Control-01,235,33,308,174,3,2,257,231,396,156,270,231,352,210,-7,258,258,187,107,2.57712741596489,2.57712741596489
Control-01,236,33,308,174,3,2,246,251,399,159,267,244,386,184,-7,258,258,187,107,2.57712741596489,2.57712741596489
Control-01,237,33,308,174,3,2,244,270,414,179,267,249,386,202,-7,258,258,187,107,2.57712741596489,2.57712741596489
Control-01,238,33,308,174,4,3,244,275,381,223,272,257,362,223,-7,258,258,187,107,2.57712741596489,2.57712741596489
Control-01,239,32,308,174,4,3,246,282,424,218,275,262,365,228,-7,258,258,187,107,2.57712741596489,2.57712741596489
Control-01,240,33,308,174,4,3,251,282,424,226,275,262,365,231,-7,258,258,187,107,2.57712741596489,2.57712741596489
Control-01,241,33,308,174,3,2,246,251,414,184,270,228,386,208,-7,258,258,187,107,2.57712741596489,2.57712741596489
Control-01,242,33,308,174,3,2,246,254,414,182,270,228,386,208,-7,258,258,187,107,2.57712741596489,2.57712741596489
Control-01,243,31,308,174,3,2,246,251,391,151,264,236,388,174,-7,258,258,187,107,2.57712741596489,2.57712741596489
Control-01,244,30,308,174,2,2,259,187,386,146,282,210,344,205,-7,258,258,187,107,2.57712741596489,2.57712741596489
Control-01,245,32,308,174,3,2,262,174,373,143,285,205,350,190,-7,258,258,187,107,2.57712741596489,2.57712741596489
Control-01,246,31,308,174,1,2,267,169,347,197,285,202,344,205,-7,258,258,187,107,2.57712741596489,2.57712741596489
Control-01,247,33,308,174,2,2,262,174,347,197,282,208,344,205,-7,258,258,187,107,2.57712741596489,2.57712741596489
Control-01,248,33,308,174,3,2,262,177,347,197,282,208,344,205,-7,258,258,187,107,2.57712741596489,2.57712741596489
Control-01,249,34,308,174,2,2,251,190,347,197,282,210,344,205,-7,258,258,187,107,2.57712741596489,2.57712741596489
Control-01,250,33,308,174,2,2,239,205,360,161,277,215,342,202,-7,258,258,187,107,2.57712741596489,2.57712741596489
Control-01,251,34,308,174,2,1,231,205,355,161,272,221,342,190,-7,258,258,187,107,2.57712741596489,2.57712741596489
Control-01,252,33,308,174,2,2,264,184,350,197,282,210,344,205,-7,258,258,187,107,2.57712741596489,2.57712741596489
Control-01,253,32,308,174,1,2,249,151,368,190,282,208,352,210,-7,258,258,187,107,2.57712741596489,2.57712741596489
Control-01,254,33,308,174,1,2,254,146,399,166,285,202,352,210,-7,258,258,187,107,2.57712741596489,2.57712741596489
Control-01,255,34,308,174,1,2,262,143,406,174,285,192,352,210,-7,258,258,187,107,2.57712741596489,2.57712741596489
Control-01,256,36,308,174,1,2,270,169,406,169,285,200,386,187,-7,258,258,187,107,2.57712741596489,2.57712741596489
Control-01,257,35,308,174,2,2,257,187,393,153,282,208,388,169,-7,258,258,187,107,2.57712741596489,2.57712741596489
Control-01,258,35,308,174,2,2,249,200,383,143,277,215,352,195,-7,258,258,187,107,2.57712741596489,2.57712741596489
Control-01,259,35,308,174,2,2,249,210,375,143,272,223,342,200,-7,258,258,187,107,2.57712741596489,2.57712741596489
Control-01,260,32,308,174,2,2,257,195,375,146,280,213,342,202,-7,258,258,187,107,2.57712741596489,2.57712741596489
Control-01,261,32,308,174,2,2,259,174,365,182,282,208,352,210,-7,258,258,187,107,2.57712741596489,2.57712741596489
Control-01,262,32,308,174,1,2,282,195,399,159,285,200,352,210,-7,258,258,187,107,2.57712741596489,2.57712741596489
Control-01,263,33,308,174,1,2,272,164,406,169,285,190,360,202,-7,258,258,187,107,2.57712741596489,2.57712741596489
Control-01,264,35,308,174,1,2,264,143,406,169,285,184,352,210,-7,258,258,187,107,2.57712741596489,2.57712741596489
Control-01,265,37,308,174,1,2,267,143,404,164,272,153,352,210,-7,258,258,187,107,2.57712741596489,2.57712741596489
Control-01,266,35,308,174,1,2,270,143,391,151,285,177,352,210,-7,258,258,187,107,2.57712741596489,2.57712741596489
Control-01,267,33,308,174,1,2,267,143,386,148,275,153,352,210,-7,258,258,187,107,2.57712741596489,2.57712741596489
Control-01,268,34,308,174,1,2,267,143,388,148,275,153,352,210,-7,258,258,187,107,2.57712741596489,2.57712741596489
Control-01,269,36,308,174,2,2,262,179,396,153,282,208,386,171,-7,258,258,187,107,2.57712741596489,2.57712741596489
Control-01,270,41,308,174,2,2,249,190,409,177,282,210,386,197,-7,258,258,187,107,2.57712741596489,2.57712741596489
Control-01,271,37,308,174,2,3,241,202,375,213,277,215,357,218,-7,258,258,187,107,2.57712741596489,2.57712741596489
Control-01,272,41,308,174,2,3,239,205,417,213,272,221,362,226,-7,258,258,187,107,2.57712741596489,2.57712741596489
Control-01,273,38,308,174,2,3,241,197,414,218,277,215,365,228,-7,258,258,187,107,2.57712741596489,2.57712741596489
Control-01,274,38,308,174,2,3,264,195,409,231,282,210,368,236,-7,258,258,187,107,2.57712741596489,2.57712741596489
Control-01,275,43,308,174,2,3,241,156,411,221,282,208,365,231,-7,258,258,187,107,2.57712741596489,2.57712741596489
Control-01,276,47,308,174,1,3,244,153,378,218,282,205,357,218,-7,258,258,187,107,2.57712741596489,2.57712741596489
Control-01,277,51,308,174,2,2,239,153,365,202,282,205,352,210,-7,258,258,187,107,2.57712741596489,2.57712741596489
Control-01,278,52,308,174,2,2,244,177,362,156,280,210,355,174,-7,258,258,187,107,2.57712741596489,2.57712741596489
Control-01,279,54,308,174,2,1,249,197,362,138,277,215,342,187,-7,258,258,187,107,2.57712741596489,2.57712741596489
Control-01,280,54,308,174,2,1,249,195,362,138,277,215,344,184,-7,258,258,187,107,2.57712741596489,2.57712741596489
Control-01,281,57,308,174,2,1,215,190,352,159,275,218,347,169,-7,258,258,187,107,2.57712741596489,2.57712741596489
Control-01,282,56,308,174,3,2,221,221,386,164,270,228,350,208,-7,258,258,187,107,2.57712741596489,2.57712741596489
Control-01,283,52,308,174,3,2,233,246,399,169,267,241,352,210,-7,258,258,187,107,2.57712741596489,2.57712741596489
Control-01,284,53,308,174,3,2,241,249,391,153,267,236,388,166,-7,258,258,187,107,2.57712741596489,2.57712741596489
Control-01,285,53,308,174,2,2,241,202,375,141,275,218,350,192,-7,258,258,187,107,2.57712741596489,2.57712741596489
Control-01,286,53,308,174,2,2,244,184,370,138,280,210,342,197,-7,258,258,187,107,2.57712741596489,2.57712741596489
Control-01,287,50,308,174,2,2,267,187,370,138,282,205,342,200,-7,258,258,187,107,2.57712741596489,2.57712741596489
Control-01,288,53,308,174,1,2,264,171,375,141,267,174,347,192,-7,258,258,187,107,2.57712741596489,2.57712741596489
Control-01,289,55,308,174,1,2,267,164,365,187,285,197,352,210,-7,258,258,187,107,2.57712741596489,2.57712741596489
Control-01,290,52,308,174,2,2,262,174,388,169,282,208,352,210,-7,258,258,187,107,2.57712741596489,2.57712741596489
Control-01,291,52,308,174,2,2,249,190,388,187,280,213,352,210,-7,258,258,187,107,2.57712741596489,2.57712741596489
Control-01,292,51,308,174,2,3,231,208,386,210,275,218,360,221,-7,258,258,187,107,2.57712741596489,2.57712741596489
Control-01,293,54,308,174,3,2,221,218,381,184,272,226,368,202,-7,258,258,187,107,2.57712741596489,2.57712741596489
Control-01,294,58,308,174,3,2,218,231,350,200,267,233,352,210,-7,258,258,187,107,2.57712741596489,2.57712741596489
Control-01,295,55,308,174,3,1,215,233,362,143,267,233,360,148,-7,258,258,187,107,2.57712741596489,2.57712741596489
Control-01,296,56,308,174,3,1,210,218,357,135,270,228,337,195,-7,258,258,187,107,2.57712741596489,2.57712741596489
Control-01,297,59,308,174,2,1,218,182,352,133,275,218,334,192,-7,258,258,187,107,2.57712741596489,2.57712741596489
Control-01,298,57,308,174,2,1,223,171,347,133,280,213,344,143,-7,258,258,187,107,2.57712741596489,2.57712741596489
Control-01,299,56,308,174,2,1,226,166,347,133,282,210,344,143,-7,258,258,187,107,2.57712741596489,2.57712741596489
Control-01,300,56,308,174,2,1,221,171,347,133,280,213,344,143,-7,258,258,187,107,2.57712741596489,2.57712741596489
Control-01,301,56,308,174,2,2,215,182,357,179,275,218,344,202,-7,258,258,187,107,2.57712741596489,2.57712741596489
Control-01,302,56,308,174,2,2,210,197,350,166,272,223,339,197,-7,258,258,187,107,2.57712741596489,2.57712741596489
Control-01,303,60,308,174,2,1,208,210,352,143,272,226,350,148,-7,258,258,187,107,2.57712741596489,2.57712741596489
Control-01,304,61,308,174,3,1,208,223,350,135,270,231,350,143,-7,258,258,187,107,2.57712741596489,2.57712741596489
Control-01,305,59,308,174,3,2,210,241,347,182,264,236,342,202,-7,258,258,187,107,2.57712741596489,2.57712741596489
Control-01,306,58,308,174,3,2,218,251,355,192,267,241,352,210,-7,258,258,187,107,2.57712741596489,2.57712741596489
Control-01,307,56,308,174,3,2,226,262,368,190,267,249,362,200,-7,258,258,187,107,2.57712741596489,2.57712741596489
Control-01,308,56,308,174,3,2,226,264,365,210,267,249,352,210,-7,258,258,187,107,2.57712741596489,2.57712741596489
Control-01,309,55,308,174,3,2,223,264,365,210,267,246,352,210,-7,258,258,187,107,2.57712741596489,2.57712741596489
Control-01,310,57,308,174,3,2,213,221,365,210,270,231,352,210,-7,258,258,187,107,2.57712741596489,2.57712741596489
Control-01,311,56,308,174,2,2,257,215,355,184,272,223,352,210,-7,258,258,187,107,2.57712741596489,2.57712741596489
Control-01,312,53,308,174,2,2,221,177,344,182,277,215,339,200,-7,258,258,187,107,2.57712741596489,2.57712741596489
Control-01,313,55,308,174,2,1,223,171,352,138,280,213,347,148,-7,258,258,187,107,2.57712741596489,2.57712741596489
Control-01,314,55,308,174,2,1,221,174,344,133,280,213,334,190,-7,258,258,187,107,2.57712741596489,2.57712741596489
Control-01,315,55,308,174,2,1,213,187,344,135,275,218,339,146,-7,258,258,187,107,2.57712741596489,2.57712741596489
Control-01,316,56,308,174,2,2,208,208,362,182,272,223,357,187,-7,258,258,187,107,2.57712741596489,2.57712741596489
Control-01,317,54,308,174,3,2,210,218,375,184,270,228,365,195,-7,258,258,187,107,2.57712741596489,2.57712741596489
Control-01,318,55,308,174,3,2,218,241,388,192,267,236,352,210,-7,258,258,187,107,2.57712741596489,2.57712741596489
Control-01,319,55,308,174,3,2,221,241,388,192,267,236,352,210,-7,258,258,187,107,2.57712741596489,2.57712741596489
Control-01,320,56,308,174,3,2,228,257,396,195,267,244,352,210,-7,258,258,187,107,2.57712741596489,2.57712741596489
Control-01,321,58,308,174,3,3,236,270,409,195,270,254,357,218,-7,258,258,187,107,2.57712741596489,2.57712741596489
Control-01,322,57,308,174,3,3,244,272,414,195,270,254,360,221,-7,258,258,187,107,2.57712741596489,2.57712741596489
Control-01,323,57,308,174,3,2,241,233,406,174,270,231,368,200,-7,258,258,187,107,2.57712741596489,2.57712741596489
Control-01,324,56,308,174,2,2,246,197,396,156,277,215,352,210,-7,258,258,187,107,2.57712741596489,2.57712741596489
Control-01,325,56,308,174,2,2,249,182,391,151,280,210,352,210,-7,258,258,187,107,2.57712741596489,2.57712741596489
Control-01,326,56,308,174,2,2,259,174,383,146,282,208,344,205,-7,258,258,187,107,2.57712741596489,2.57712741596489
Control-01,327,56,308,174,1,2,267,171,378,141,285,202,344,202,-7,258,258,187,107,2.57712741596489,2.57712741596489
Control-01,328,56,308,174,1,2,254,148,381,146,285,202,344,205,-7,258,258,187,107,2.57712741596489,2.57712741596489
Control-01,329,54,308,174,1,2,254,151,386,146,285,202,344,205,-7,258,258,187,107,2.57712741596489,2.57712741596489
Control-01,330,55,308,174,1,2,254,151,386,146,285,202,344,205,-7,258,258,187,107,2.57712741596489,2.57712741596489
Control-01,331,55,308,174,2,2,246,192,396,156,280,213,352,210,-7,258,258,187,107,2.57712741596489,2.57712741596489
Control-01,332,57,308,174,2,2,251,210,404,166,272,221,352,210,-7,258,258,187,107,2.57712741596489,2.57712741596489
Control-01,333,56,308,174,3,2,246,228,406,171,270,228,352,210,-7,258,258,187,107,2.57712741596489,2.57712741596489
Control-01,334,57,308,174,3,2,246,244,409,174,267,236,352,210,-7,258,258,187,107,2.57712741596489,2.57712741596489
Control-01,335,58,308,174,3,2,246,244,409,174,267,236,352,210,-7,258,258,187,107,2.57712741596489,2.57712741596489
Control-01,336,58,308,174,3,2,239,251,411,179,267,244,360,215,-7,258,258,187,107,2.57712741596489,2.57712741596489
Control-01,337,57,308,174,3,3,236,267,419,192,267,249,360,218,-7,258,258,187,107,2.57712741596489,2.57712741596489
Control-01,338,57,308,174,3,3,236,277,419,200,270,254,362,223,-7,258,258,187,107,2.57712741596489,2.57712741596489
Control-01,339,56,308,174,4,3,236,282,419,202,272,259,362,223,-7,258,258,187,107,2.57712741596489,2.57712741596489
Control-01,340,56,308,174,4,3,239,288,419,197,275,262,360,221,-7,258,258,187,107,2.57712741596489,2.57712741596489
Control-01,341,57,308,174,4,2,244,295,406,169,277,264,388,200,-7,258,258,187,107,2.57712741596489,2.57712741596489
Control-01,342,59,308,174,4,2,246,301,388,151,277,267,350,208,-7,258,258,187,107,2.57712741596489,2.57712741596489
Control-01,343,58,308,174,4,2,246,301,378,146,277,267,344,205,-7,258,258,187,107,2.57712741596489,2.57712741596489
Control-01,344,56,308,174,4,1,244,298,355,133,277,267,342,202,-7,258,258,187,107,2.57712741596489,2.57712741596489
Control-01,345,56,308,174,4,1,226,280,347,130,272,257,339,200,-7,258,258,187,107,2.57712741596489,2.57712741596489
Control-01,346,57,308,174,3,1,213,254,339,130,267,244,339,200,-7,258,258,187,107,2.57712741596489,2.57712741596489
Control-01,347,58,308,174,3,1,208,226,334,133,267,236,337,197,-7,258,258,187,107,2.57712741596489,2.57712741596489
Control-01,348,56,308,174,2,1,213,200,334,133,249,215,337,195,-7,258,258,187,107,2.57712741596489,2.57712741596489
Control-01,349,58,308,174,2,1,218,182,350,130,272,221,339,197,-7,258,258,187,107,2.57712741596489,2.57712741596489
Control-01,350,60,308,174,2,1,223,171,357,135,280,213,342,202,-7,258,258,187,107,2.57712741596489,2.57712741596489
Control-01,351,56,308,174,2,2,246,195,365,169,277,215,352,210,-7,258,258,187,107,2.57712741596489,2.57712741596489
Control-01,352,58,308,174,2,2,218,200,355,169,272,223,342,202,-7,258,258,187,107,2.57712741596489,2.57712741596489
Control-01,353,56,308,174,3,1,215,231,350,143,270,231,350,156,-7,258,258,187,107,2.57712741596489,2.57712741596489
Control-01,354,59,308,174,3,1,218,259,342,135,267,241,339,146,-7,258,258,187,107,2.57712741596489,2.57712741596489
Control-01,355,56,308,174,3,1,221,272,339,133,267,249,337,177,-7,258,258,187,107,2.57712741596489,2.57712741596489
Control-01,356,57,308,174,4,2,228,285,357,177,272,257,344,205,-7,258,258,187,107,2.57712741596489,2.57712741596489
Control-01,357,57,308,174,4,2,228,288,381,187,272,259,352,210,-7,258,258,187,107,2.57712741596489,2.57712741596489
Control-01,358,56,308,174,4,3,226,285,388,202,272,257,378,213,-7,258,258,187,107,2.57712741596489,2.57712741596489
Control-01,359,55,308,174,3,3,210,244,396,218,267,239,362,226,-7,258,258,187,107,2.57712741596489,2.57712741596489
Control-01,360,55,308,174,2,3,215,210,399,228,272,226,368,236,-7,258,258,187,107,2.57712741596489,2.57712741596489
Control-01,361,55,308,174,2,3,259,205,404,233,280,213,368,236,-7,258,258,187,107,2.57712741596489,2.57712741596489
Control-01,362,59,308,174,2,3,264,192,404,239,282,210,368,236,-7,258,258,187,107,2.57712741596489,2.57712741596489
Control-01,363,60,308,174,2,3,257,174,411,228,282,208,368,236,-7,258,258,187,107,2.57712741596489,2.57712741596489
Control-01,364,58,308,174,2,3,259,174,411,213,285,205,362,226,-7,258,258,187,107,2.57712741596489,2.57712741596489
Control-01,365,57,308,174,2,3,259,171,414,200,282,208,360,221,-7,258,258,187,107,2.57712741596489,2.57712741596489
Control-01,366,57,308,174,2,2,251,195,406,171,280,213,370,200,-7,258,258,187,107,2.57712741596489,2.57712741596489
Control-01,367,57,308,174,2,2,251,205,396,156,275,218,352,210,-7,258,258,187,107,2.57712741596489,2.57712741596489
Control-01,368,58,308,174,2,2,251,190,386,146,282,210,352,210,-7,258,258,187,107,2.57712741596489,2.57712741596489
Control-01,369,57,308,174,2,2,257,174,378,141,282,208,344,202,-7,258,258,187,107,2.57712741596489,2.57712741596489
Control-01,370,59,308,174,1,2,264,166,375,138,285,202,342,202,-7,258,258,187,107,2.57712741596489,2.57712741596489
Control-01,371,57,308,174,1,2,262,166,375,141,285,205,344,202,-7,258,258,187,107,2.57712741596489,2.57712741596489
Control-01,372,57,308,174,2,2,257,177,391,151,280,210,350,208,-7,258,258,187,107,2.57712741596489,2.57712741596489
Control-01,373,57,308,174,2,2,246,200,404,164,277,215,352,210,-7,258,258,187,107,2.57712741596489,2.57712741596489
Control-01,374,57,308,174,3,2,236,231,409,171,270,231,352,210,-7,258,258,187,107,2.57712741596489,2.57712741596489
Control-01,375,56,308,174,3,2,236,257,414,182,267,241,360,215,-7,258,258,187,107,2.57712741596489,2.57712741596489
Control-01,376,58,308,174,3,2,236,272,414,187,270,254,360,215,-7,258,258,187,107,2.57712741596489,2.57712741596489
Control-01,377,56,308,174,4,3,233,282,417,190,272,257,360,218,-7,258,258,187,107,2.57712741596489,2.57712741596489
Control-01,378,57,308,174,4,3,236,290,417,195,272,259,360,218,-7,258,258,187,107,2.57712741596489,2.57712741596489
Control-01,379,58,308,174,4,3,239,290,419,195,275,262,360,221,-7,258,258,187,107,2.57712741596489,2.57712741596489
Control-01,380,59,308,174,4,3,239,290,419,195,275,264,360,221,-7,258,258,187,107,2.57712741596489,2.57712741596489
Control-01,381,58,308,174,4,2,244,295,404,166,277,267,352,210,-7,258,258,187,107,2.57712741596489,2.57712741596489
Control-01,382,55,308,174,4,2,246,301,388,148,277,267,352,210,-7,258,258,187,107,2.57712741596489,2.57712741596489
Control-01,383,58,308,174,4,2,246,301,378,143,277,267,344,205,-7,258,258,187,107,2.57712741596489,2.57712741596489
Control-01,384,57,308,174,4,2,241,295,368,135,277,267,342,200,-7,258,258,187,107,2.57712741596489,2.57712741596489
Control-01,385,57,308,174,4,2,233,293,381,164,275,262,352,210,-7,258,258,187,107,2.57712741596489,2.57712741596489
Control-01,386,58,308,174,3,2,223,280,383,182,270,254,352,210,-7,258,258,187,107,2.57712741596489,2.57712741596489
Control-01,387,58,308,174,3,2,223,280,383,182,270,254,352,210,-7,258,258,187,107,2.57712741596489,2.57712741596489
Control-01,388,56,308,174,3,2,223,280,386,192,270,254,352,210,-7,258,258,187,107,2.57712741596489,2.57712741596489
Control-01,389,56,308,174,3,3,223,280,404,218,270,254,362,226,-7,258,258,187,107,2.57712741596489,2.57712741596489
Control-01,390,59,308,174,4,3,223,280,411,231,270,254,365,231,-7,258,258,187,107,2.57712741596489,2.57712741596489
Control-01,391,56,308,174,4,3,226,282,417,244,270,254,368,236,-7,258,258,187,107,2.57712741596489,2.57712741596489
Control-01,392,56,308,174,4,3,226,282,417,244,270,254,368,236,-7,258,258,187,107,2.57712741596489,2.57712741596489
Control-01,393,57,308,174,4,4,228,285,414,257,272,259,365,246,-7,258,258,187,107,2.57712741596489,2.57712741596489
Control-01,394,57,308,174,4,4,228,285,414,257,272,259,365,246,-7,258,258,187,107,2.57712741596489,2.57712741596489
Control-01,395,56,308,174,4,4,231,290,411,267,272,259,362,249,-7,258,258,187,107,2.57712741596489,2.57712741596489
Control-01,396,57,308,174,4,4,231,288,411,267,272,259,362,251,-7,258,258,187,107,2.57712741596489,2.57712741596489
Control-01,397,57,308,174,4,4,231,290,411,270,272,259,362,251,-7,258,258,187,107,2.57712741596489,2.57712741596489
Control-01,398,55,308,174,4,4,231,290,411,270,272,259,362,251,-7,258,258,187,107,2.57712741596489,2.57712741596489
Control-01,399,56,308,174,4,4,231,288,409,270,272,259,362,251,-7,258,258,187,107,2.57712741596489,2.57712741596489
Control-01,400,54,308,174,4,4,226,285,411,262,272,259,362,249,-7,258,258,187,107,2.57712741596489,2.57712741596489
Control-01,401,57,308,174,4,4,228,285,406,262,272,259,362,249,-7,258,258,187,107,2.57712741596489,2.57712741596489
Control-01,402,56,308,174,4,4,228,285,404,264,272,259,362,251,-7,258,258,187,107,2.57712741596489,2.57712741596489
Control-01,403,57,308,174,4,4,228,285,404,267,272,259,362,251,-7,258,258,187,107,2.57712741596489,2.57712741596489
Control-01,404,58,308,174,4,4,228,288,401,272,272,259,362,254,-7,258,258,187,107,2.57712741596489,2.57712741596489
Control-01,405,58,308,174,4,4,228,288,401,272,272,257,360,257,-7,258,258,187,107,2.57712741596489,2.57712741596489
Control-01,406,58,308,174,4,4,228,288,399,275,270,259,360,257,-7,258,258,187,107,2.57712741596489,2.57712741596489
Control-01,407,56,308,174,4,4,231,288,399,275,270,259,360,257,-7,258,258,187,107,2.57712741596489,2.57712741596489
Control-01,408,56,308,174,4,4,231,288,399,264,270,259,362,249,-7,258,258,187,107,2.57712741596489,2.57712741596489
Control-01,409,55,308,174,4,3,231,290,396,241,270,262,368,236,-7,258,258,187,107,2.57712741596489,2.57712741596489
Control-01,410,57,308,174,4,3,228,288,383,215,264,267,362,226,-7,258,258,187,107,2.57712741596489,2.57712741596489
Control-01,411,56,308,174,4,3,231,288,375,210,257,272,360,221,-7,258,258,187,107,2.57712741596489,2.57712741596489
Control-01,412,54,308,174,4,3,231,288,368,213,249,275,357,218,-7,258,258,187,107,2.57712741596489,2.57712741596489
Control-01,413,56,308,174,4,3,228,285,373,226,262,267,365,231,-7,258,258,187,107,2.57712741596489,2.57712741596489
Control-01,414,57,308,174,4,3,228,285,378,236,270,257,368,236,-7,258,258,187,107,2.57712741596489,2.57712741596489
Control-01,415,61,308,174,3,3,223,282,386,244,270,254,365,244,-7,258,258,187,107,2.57712741596489,2.57712741596489
Control-01,416,56,308,174,3,3,218,270,391,246,267,249,365,244,-7,258,258,187,107,2.57712741596489,2.57712741596489
Control-01,417,56,308,174,3,4,221,272,396,254,267,249,362,249,-7,258,258,187,107,2.57712741596489,2.57712741596489
Control-01,418,56,308,174,3,4,221,275,399,259,267,249,362,251,-7,258,258,187,107,2.57712741596489,2.57712741596489
Control-01,419,56,308,174,3,4,221,275,401,270,267,249,360,254,-7,258,258,187,107,2.57712741596489,2.57712741596489
Control-01,420,57,308,174,3,4,221,275,399,272,267,249,360,257,-7,258,258,187,107,2.57712741596489,2.57712741596489
Control-01,421,57,308,174,3,4,221,275,399,275,267,249,360,257,-7,258,258,187,107,2.57712741596489,2.57712741596489
Control-01,422,56,308,174,3,4,221,275,401,275,267,249,360,257,-7,258,258,187,107,2.57712741596489,2.57712741596489
Control-01,423,55,308,174,3,4,221,277,401,277,267,249,360,257,-7,258,258,187,107,2.57712741596489,2.57712741596489
Control-01,424,56,308,174,3,4,223,277,404,275,267,249,360,257,-7,258,258,187,107,2.57712741596489,2.57712741596489
Control-01,425,55,308,174,3,4,221,275,404,272,267,249,360,254,-7,258,258,187,107,2.57712741596489,2.57712741596489
Control-01,426,56,308,174,3,4,221,275,409,267,267,249,362,251,-7,258,258,187,107,2.57712741596489,2.57712741596489
Control-01,427,55,308,174,3,4,221,277,409,270,267,249,362,251,-7,258,258,187,107,2.57712741596489,2.57712741596489
Control-01,428,56,308,174,4,4,223,282,411,267,270,254,362,251,-7,258,258,187,107,2.57712741596489,2.57712741596489
Control-01,429,56,308,174,4,4,226,282,409,267,270,257,362,251,-7,258,258,187,107,2.57712741596489,2.57712741596489
Control-01,430,59,308,174,4,4,228,285,414,262,272,259,362,249,-7,258,258,187,107,2.57712741596489,2.57712741596489
Control-01,431,57,308,174,4,3,231,293,417,254,272,262,365,246,-7,258,258,187,107,2.57712741596489,2.57712741596489
Control-01,432,58,308,174,4,3,231,290,417,251,272,262,365,244,-7,258,258,187,107,2.57712741596489,2.57712741596489
Control-01,433,58,308,174,4,3,233,293,419,249,272,262,365,244,-7,258,258,187,107,2.57712741596489,2.57712741596489
Control-01,434,55,308,174,4,3,231,290,419,251,272,259,365,244,-7,258,258,187,107,2.57712741596489,2.57712741596489
Control-01,435,56,308,174,3,3,228,275,417,254,270,254,365,246,-7,258,258,187,107,2.57712741596489,2.57712741596489
Control-01,436,56,308,174,3,3,226,251,419,254,267,241,365,246,-7,258,258,187,107,2.57712741596489,2.57712741596489
Control-01,437,54,308,174,3,3,233,249,419,254,267,241,365,246,-7,258,258,187,107,2.57712741596489,2.57712741596489
Control-01,438,55,308,174,3,3,236,251,419,251,267,241,365,244,-7,258,258,187,107,2.57712741596489,2.57712741596489
Control-01,439,55,308,174,3,3,236,264,422,231,267,249,368,236,-7,258,258,187,107,2.57712741596489,2.57712741596489
Control-01,440,56,308,174,3,3,231,275,419,228,270,254,368,236,-7,258,258,187,107,2.57712741596489,2.57712741596489
Control-01,441,55,308,174,4,3,228,277,419,231,270,254,368,236,-7,258,258,187,107,2.57712741596489,2.57712741596489
Control-01,442,55,308,174,4,3,228,282,417,236,270,257,368,236,-7,258,258,187,107,2.57712741596489,2.57712741596489
Control-01,443,57,308,174,4,3,231,288,414,239,272,259,368,236,-7,258,258,187,107,2.57712741596489,2.57712741596489
Control-01,444,55,308,174,4,3,231,290,409,239,272,259,368,236,-7,258,258,187,107,2.57712741596489,2.57712741596489
Control-01,445,56,308,174,4,3,231,293,406,231,272,262,365,231,-7,258,258,187,107,2.57712741596489,2.57712741596489
Control-01,446,55,308,174,4,3,231,293,393,208,275,262,381,213,-7,258,258,187,107,2.57712741596489,2.57712741596489
Control-01,447,55,308,174,4,3,228,290,393,208,272,259,381,213,-7,258,258,187,107,2.57712741596489,2.57712741596489
Control-01,448,57,308,174,4,3,228,288,393,208,272,259,381,213,-7,258,258,187,107,2.57712741596489,2.57712741596489
Control-01,449,54,308,174,4,2,226,285,344,184,270,257,342,197,-7,258,258,187,107,2.57712741596489,2.57712741596489
Control-01,450,56,308,174,4,2,226,285,344,184,272,259,342,197,-7,258,258,187,107,2.57712741596489,2.57712741596489
Control-01,451,56,308,174,4,2,226,285,344,184,272,259,342,197,-7,258,258,187,107,2.57712741596489,2.57712741596489
Control-01,452,56,308,174,4,1,226,285,339,187,270,257,339,197,-7,258,258,187,107,2.57712741596489,2.57712741596489
Control-01,453,56,308,174,4,1,226,285,339,187,270,259,339,197,-7,258,258,187,107,2.57712741596489,2.57712741596489
Control-01,454,60,308,174,4,1,226,285,339,187,270,257,339,197,-7,258,258,187,107,2.57712741596489,2.57712741596489
Control-01,455,58,308,174,3,1,221,280,339,187,267,249,339,197,-7,258,258,187,107,2.57712741596489,2.57712741596489
Control-01,456,57,308,174,3,1,210,249,339,187,267,241,339,197,-7,258,258,187,107,2.57712741596489,2.57712741596489
Control-01,457,57,308,174,3,1,210,249,339,187,267,241,339,197,-7,258,258,187,107,2.57712741596489,2.57712741596489
Control-01,458,56,308,174,3,2,210,233,350,195,264,236,350,208,-7,258,258,187,107,2.57712741596489,2.57712741596489
Control-01,459,55,308,174,3,2,210,231,350,195,267,236,350,208,-7,258,258,187,107,2.57712741596489,2.57712741596489
Control-01,460,55,308,174,3,2,210,244,350,195,267,239,350,208,-7,258,258,187,107,2.57712741596489,2.57712741596489
Control-01,461,58,308,174,3,2,210,241,350,195,267,239,350,208,-7,258,258,187,107,2.57712741596489,2.57712741596489
Control-01,462,58,308,174,3,2,210,241,350,195,267,239,350,208,-7,258,258,187,107,2.57712741596489,2.57712741596489
Control-01,463,55,308,174,3,2,210,244,350,195,264,239,350,208,-7,258,258,187,107,2.57712741596489,2.57712741596489
Control-01,464,54,308,174,3,2,210,246,350,195,267,241,350,208,-7,258,258,187,107,2.57712741596489,2.57712741596489
Control-01,465,59,308,174,3,2,213,251,350,195,267,241,350,208,-7,258,258,187,107,2.57712741596489,2.57712741596489
Control-01,466,58,308,174,3,2,210,251,350,195,267,241,350,208,-7,258,258,187,107,2.57712741596489,2.57712741596489
Control-01,467,58,308,174,3,2,213,254,350,195,267,249,350,208,-7,258,258,187,107,2.57712741596489,2.57712741596489
Control-01,468,55,308,174,3,2,210,251,350,195,267,249,350,208,-7,258,258,187,107,2.57712741596489,2.57712741596489
Control-01,469,57,308,174,3,2,213,254,350,195,267,249,350,208,-7,258,258,187,107,2.57712741596489,2.57712741596489
Control-01,470,55,308,174,3,4,213,257,378,251,267,244,362,249,-7,258,258,187,107,2.57712741596489,2.57712741596489
Control-01,471,55,308,174,3,4,213,257,383,257,267,244,362,251,-7,258,258,187,107,2.57712741596489,2.57712741596489
Control-01,472,56,308,174,3,4,213,257,388,267,267,244,360,257,-7,258,258,187,107,2.57712741596489,2.57712741596489
Control-01,473,56,308,174,3,4,213,257,386,270,267,249,360,257,-7,258,258,187,107,2.57712741596489,2.57712741596489
Control-01,474,54,308,174,3,4,215,257,386,275,267,244,357,259,-7,258,258,187,107,2.57712741596489,2.57712741596489
Control-01,475,55,308,174,3,4,213,259,388,280,267,249,357,262,-7,258,258,187,107,2.57712741596489,2.57712741596489
Control-01,476,55,308,174,3,4,215,264,388,285,267,246,357,262,-7,258,258,187,107,2.57712741596489,2.57712741596489
Control-01,477,54,308,174,3,4,215,264,388,285,267,249,355,264,-7,258,258,187,107,2.57712741596489,2.57712741596489
Control-01,478,55,308,174,3,4,218,267,386,290,267,249,355,267,-7,258,258,187,107,2.57712741596489,2.57712741596489
Control-01,479,55,308,174,3,4,218,270,386,293,267,249,352,267,-7,258,258,187,107,2.57712741596489,2.57712741596489
Control-01,480,61,308,174,3,4,218,270,383,290,267,249,352,267,-7,258,258,187,107,2.57712741596489,2.57712741596489
Control-01,481,56,308,174,3,4,218,272,378,293,267,249,352,267,-7,258,258,187,107,2.57712741596489,2.57712741596489
Control-01,482,61,308,174,3,4,218,270,381,288,267,249,352,267,-7,258,258,187,107,2.57712741596489,2.57712741596489
Control-01,483,56,308,174,3,4,218,267,375,272,267,249,357,262,-7,258,258,187,107,2.57712741596489,2.57712741596489
Control-01,484,58,308,174,3,4,215,264,368,264,267,249,357,262,-7,258,258,187,107,2.57712741596489,2.57712741596489
Control-01,485,56,308,174,3,4,215,264,368,264,267,249,357,262,-7,258,258,187,107,2.57712741596489,2.57712741596489
Control-01,486,58,308,174,3,4,218,264,368,264,267,249,357,262,-7,258,258,187,107,2.57712741596489,2.57712741596489
Control-01,487,54,308,174,3,4,215,264,368,264,267,246,357,262,-7,258,258,187,107,2.57712741596489,2.57712741596489
Control-01,488,54,308,174,3,4,215,264,368,264,267,246,357,262,-7,258,258,187,107,2.57712741596489,2.57712741596489
Control-01,489,58,308,174,3,4,218,267,368,264,267,249,357,262,-7,258,258,187,107,2.57712741596489,2.57712741596489
Control-01,490,58,308,174,3,4,215,267,368,264,267,249,357,262,-7,258,258,187,107,2.57712741596489,2.57712741596489
Control-01,491,59,308,174,3,4,218,270,368,264,267,249,357,262,-7,258,258,187,107,2.57712741596489,2.57712741596489
Control-01,492,57,308,174,3,4,218,270,368,267,267,249,357,262,-7,258,258,187,107,2.57712741596489,2.57712741596489
Control-01,493,59,308,174,3,4,218,270,373,270,267,249,357,262,-7,258,258,187,107,2.57712741596489,2.57712741596489
Control-01,494,55,308,174,3,4,221,272,375,275,267,249,355,264,-7,258,258,187,107,2.57712741596489,2.57712741596489
Control-01,495,57,308,174,3,4,221,275,375,282,267,249,355,264,-7,258,258,187,107,2.57712741596489,2.57712741596489
Control-01,496,58,308,174,3,4,223,277,373,290,270,254,352,267,-7,258,258,187,107,2.57712741596489,2.57712741596489
Control-01,497,59,308,174,4,4,223,280,370,293,270,254,350,270,-7,258,258,187,107,2.57712741596489,2.57712741596489
Control-01,498,58,308,174,4,4,226,282,368,293,270,254,347,270,-7,258,258,187,107,2.57712741596489,2.57712741596489
Control-01,499,56,308,174,4,5,228,288,365,293,272,259,347,270,-7,258,258,187,107,2.57712741596489,2.57712741596489
Control-01,500,63,308,174,4,5,231,290,365,295,272,259,347,270,-7,258,258,187,107,2.57712741596489,2.57712741596489
Control-01,501,59,308,174,4,5,233,295,368,295,275,262,347,270,-7,258,258,187,107,2.57712741596489,2.57712741596489
Control-01,502,62,308,174,4,4,233,295,370,295,275,264,350,270,-7,258,258,187,107,2.57712741596489,2.57712741596489
Control-01,503,59,308,174,4,4,239,295,370,282,275,262,352,267,-7,258,258,187,107,2.57712741596489,2.57712741596489
Control-01,504,60,308,174,4,4,239,295,362,277,277,264,352,267,-7,258,258,187,107,2.57712741596489,2.57712741596489
Control-01,505,63,308,174,4,4,241,298,362,277,277,264,352,267,-7,258,258,187,107,2.57712741596489,2.57712741596489
Control-01,506,61,308,174,4,4,239,298,362,277,277,264,352,267,-7,258,258,187,107,2.57712741596489,2.57712741596489
Control-01,507,62,308,174,4,4,239,298,362,277,277,264,352,267,-7,258,258,187,107,2.57712741596489,2.57712741596489
Control-01,508,59,308,174,4,4,241,298,362,277,277,264,352,267,-7,258,258,187,107,2.57712741596489,2.57712741596489
Control-01,509,60,308,174,4,4,236,295,362,277,275,264,352,267,-7,258,258,187,107,2.57712741596489,2.57712741596489
Control-01,510,60,308,174,4,4,236,295,362,277,275,264,352,267,-7,258,258,187,107,2.57712741596489,2.57712741596489
Control-01,511,60,308,174,4,4,236,295,362,277,275,264,352,267,-7,258,258,187,107,2.57712741596489,2.57712741596489
Control-01,512,59,308,174,4,4,236,295,362,277,275,264,352,267,-7,258,258,187,107,2.57712741596489,2.57712741596489
Control-01,513,59,308,174,4,4,236,295,362,277,275,264,352,267,-7,258,258,187,107,2.57712741596489,2.57712741596489
Control-01,514,61,308,174,4,4,233,293,368,280,275,264,352,267,-7,258,258,187,107,2.57712741596489,2.57712741596489
Control-01,515,61,308,174,4,4,233,293,368,280,275,264,352,267,-7,258,258,187,107,2.57712741596489,2.57712741596489
Control-01,516,57,308,174,4,4,233,293,368,290,275,264,350,270,-7,258,258,187,107,2.57712741596489,2.57712741596489
Control-01,517,57,308,174,4,4,231,293,370,293,272,262,350,270,-7,258,258,187,107,2.57712741596489,2.57712741596489
Control-01,518,61,308,174,3,4,218,272,381,288,272,257,352,267,-7,258,258,187,107,2.57712741596489,2.57712741596489
Control-01,519,58,308,174,3,4,218,267,383,282,267,249,355,264,-7,258,258,187,107,2.57712741596489,2.57712741596489
Control-01,520,58,308,174,3,4,218,267,383,282,267,249,355,264,-7,258,258,187,107,2.57712741596489,2.57712741596489
Control-01,521,60,308,174,3,4,218,270,383,282,267,249,355,264,-7,258,258,187,107,2.57712741596489,2.57712741596489
Control-01,522,56,308,174,3,4,223,272,383,285,270,254,355,264,-7,258,258,187,107,2.57712741596489,2.57712741596489
Control-01,523,59,308,174,3,4,223,280,381,282,270,254,355,264,-7,258,258,187,107,2.57712741596489,2.57712741596489
Control-01,524,63,308,174,3,4,226,280,378,282,270,254,355,264,-7,258,258,187,107,2.57712741596489,2.57712741596489
Control-01,525,61,308,174,3,4,221,277,375,257,270,254,360,254,-7,258,258,187,107,2.57712741596489,2.57712741596489
Control-01,526,61,308,174,3,4,213,257,375,257,267,246,360,254,-7,258,258,187,107,2.57712741596489,2.57712741596489
Control-01,527,62,308,174,3,4,210,249,375,257,267,241,360,254,-7,258,258,187,107,2.57712741596489,2.57712741596489
Control-01,528,60,308,174,3,1,210,233,337,177,267,239,337,197,-7,258,258,187,107,2.57712741596489,2.57712741596489
Control-01,529,61,308,174,3,1,210,231,321,148,264,236,326,164,-7,258,258,187,107,2.57712741596489,2.57712741596489
Control-01,530,59,308,174,3,1,210,221,316,148,264,233,321,164,-7,258,258,187,107,2.57712741596489,2.57712741596489
Control-01,531,59,308,174,2,1,215,197,316,148,270,228,321,164,-7,258,258,187,107,2.57712741596489,2.57712741596489
Control-01,532,59,308,174,2,1,215,197,316,148,270,228,321,164,-7,258,258,187,107,2.57712741596489,2.57712741596489
Control-01,533,61,308,174,2,1,241,195,316,148,272,223,321,164,-7,258,258,187,107,2.57712741596489,2.57712741596489
Control-01,534,60,308,174,2,1,228,169,316,148,275,218,321,164,-7,258,258,187,107,2.57712741596489,2.57712741596489
Control-01,535,62,308,174,2,1,218,179,319,156,275,218,321,164,-7,258,258,187,107,2.57712741596489,2.57712741596489
Control-01,536,64,308,174,2,1,208,205,339,182,270,228,339,200,-7,258,258,187,107,2.57712741596489,2.57712741596489
Control-01,537,59,308,174,3,2,208,221,342,192,267,233,339,200,-7,258,258,187,107,2.57712741596489,2.57712741596489
Control-01,538,58,308,174,3,2,208,221,342,190,267,233,339,200,-7,258,258,187,107,2.57712741596489,2.57712741596489
Control-01,539,60,308,174,3,2,208,233,342,190,267,236,339,200,-7,258,258,187,107,2.57712741596489,2.57712741596489
Control-01,540,58,308,174,3,2,213,259,342,190,267,244,339,200,-7,258,258,187,107,2.57712741596489,2.57712741596489
Control-01,541,58,308,174,3,2,213,259,342,190,267,244,339,200,-7,258,258,187,107,2.57712741596489,2.57712741596489
Control-01,542,62,308,174,3,2,223,280,342,190,270,254,339,200,-7,258,258,187,107,2.57712741596489,2.57712741596489
Control-01,543,59,308,174,3,2,223,280,342,190,270,254,339,200,-7,258,258,187,107,2.57712741596489,2.57712741596489
Control-01,544,59,308,174,4,2,223,280,342,190,270,254,339,200,-7,258,258,187,107,2.57712741596489,2.57712741596489
Control-01,545,61,308,174,4,2,223,280,342,190,270,254,339,200,-7,258,258,187,107,2.57712741596489,2.57712741596489
Control-01,546,61,308,174,3,2,218,270,342,190,267,249,339,200,-7,258,258,187,107,2.57712741596489,2.57712741596489
Control-01,547,58,308,174,3,2,210,249,360,210,267,236,357,218,-7,258,258,187,107,2.57712741596489,2.57712741596489
Control-01,548,61,308,174,2,2,210,208,362,197,270,228,352,210,-7,258,258,187,107,2.57712741596489,2.57712741596489
Control-01,549,59,308,174,2,2,213,195,362,197,272,223,352,210,-7,258,258,187,107,2.57712741596489,2.57712741596489
Control-01,550,59,308,174,2,2,215,184,344,192,272,221,342,202,-7,258,258,187,107,2.57712741596489,2.57712741596489
Control-01,551,60,308,174,2,1,223,174,334,141,275,218,339,200,-7,258,258,187,107,2.57712741596489,2.57712741596489
Control-01,552,59,308,174,2,1,221,174,319,141,275,218,326,164,-7,258,258,187,107,2.57712741596489,2.57712741596489
Control-01,553,62,308,174,2,1,221,179,316,148,275,218,321,164,-7,258,258,187,107,2.57712741596489,2.57712741596489
Control-01,554,62,308,174,2,1,223,177,316,148,275,218,321,164,-7,258,258,187,107,2.57712741596489,2.57712741596489
Control-01,555,61,308,174,2,1,223,171,337,182,277,215,337,197,-7,258,258,187,107,2.57712741596489,2.57712741596489
Control-01,556,62,308,174,2,1,239,159,344,156,282,210,342,202,-7,258,258,187,107,2.57712741596489,2.57712741596489
Control-01,557,61,308,174,2,2,244,151,368,143,282,208,352,210,-7,258,258,187,107,2.57712741596489,2.57712741596489
Control-01,558,59,308,174,2,2,244,153,365,190,282,210,352,210,-7,258,258,187,107,2.57712741596489,2.57712741596489
Control-01,559,61,308,174,2,2,241,169,396,164,280,210,383,184,-7,258,258,187,107,2.57712741596489,2.57712741596489
Control-01,560,60,308,174,2,2,244,184,404,179,280,213,383,210,-7,258,258,187,107,2.57712741596489,2.57712741596489
Control-01,561,61,308,174,2,3,249,197,411,202,275,218,362,226,-7,258,258,187,107,2.57712741596489,2.57712741596489
Control-01,562,59,308,174,3,3,246,226,411,218,272,226,365,231,-7,258,258,187,107,2.57712741596489,2.57712741596489
Control-01,563,58,308,174,3,3,241,244,406,228,267,236,368,236,-7,258,258,187,107,2.57712741596489,2.57712741596489
Control-01,564,57,308,174,3,3,239,254,404,233,267,244,368,236,-7,258,258,187,107,2.57712741596489,2.57712741596489
Control-01,565,62,308,174,3,3,236,267,383,228,267,249,362,226,-7,258,258,187,107,2.57712741596489,2.57712741596489
Control-01,566,56,308,174,4,3,236,277,383,228,270,254,362,226,-7,258,258,187,107,2.57712741596489,2.57712741596489
Control-01,567,56,308,174,4,2,236,285,347,190,272,259,339,200,-7,258,258,187,107,2.57712741596489,2.57712741596489
Control-01,568,61,308,174,4,1,241,293,337,141,275,262,334,148,-7,258,258,187,107,2.57712741596489,2.57712741596489
Control-01,569,61,308,174,4,1,236,288,337,141,272,262,334,148,-7,258,258,187,107,2.57712741596489,2.57712741596489
Control-01,570,61,308,174,4,1,233,288,337,177,272,259,334,190,-7,258,258,187,107,2.57712741596489,2.57712741596489
Control-01,571,59,308,174,4,2,233,288,342,195,272,259,342,202,-7,258,258,187,107,2.57712741596489,2.57712741596489
Control-01,572,57,308,174,4,2,231,285,342,195,272,259,342,202,-7,258,258,187,107,2.57712741596489,2.57712741596489
Control-01,573,57,308,174,4,2,231,282,342,195,272,259,342,202,-7,258,258,187,107,2.57712741596489,2.57712741596489
Control-01,574,59,308,174,3,1,218,259,342,187,267,246,339,197,-7,258,258,187,107,2.57712741596489,2.57712741596489
Control-01,575,62,308,174,3,1,218,267,331,148,267,249,331,159,-7,258,258,187,107,2.57712741596489,2.57712741596489
Control-01,576,60,308,174,3,1,223,275,331,148,267,249,331,159,-7,258,258,187,107,2.57712741596489,2.57712741596489
Control-01,577,58,308,174,3,1,221,272,331,148,267,249,331,159,-7,258,258,187,107,2.57712741596489,2.57712741596489
Control-01,578,58,308,174,3,1,221,272,331,148,267,249,331,159,-7,258,258,187,107,2.57712741596489,2.57712741596489
Control-01,579,60,308,174,3,1,221,272,331,148,267,249,331,159,-7,258,258,187,107,2.57712741596489,2.57712741596489
Control-01,580,58,308,174,3,1,221,272,331,148,267,249,331,159,-7,258,258,187,107,2.57712741596489,2.57712741596489
Control-01,581,58,308,174,3,1,218,272,331,148,267,246,331,159,-7,258,258,187,107,2.57712741596489,2.57712741596489
Control-01,582,58,308,174,3,1,208,226,331,148,267,236,331,159,-7,258,258,187,107,2.57712741596489,2.57712741596489
Control-01,583,60,308,174,2,1,210,200,331,148,272,226,331,159,-7,258,258,187,107,2.57712741596489,2.57712741596489
Control-01,584,60,308,174,2,1,218,179,326,133,275,218,326,164,-7,258,258,187,107,2.57712741596489,2.57712741596489
Control-01,585,59,308,174,2,1,221,177,326,135,277,215,329,164,-7,258,258,187,107,2.57712741596489,2.57712741596489
Control-01,586,61,308,174,2,1,221,174,326,135,280,213,326,161,-7,258,258,187,107,2.57712741596489,2.57712741596489
Control-01,587,60,308,174,2,1,218,179,326,135,277,215,326,164,-7,258,258,187,107,2.57712741596489,2.57712741596489
Control-01,588,63,308,174,2,1,215,187,329,135,275,218,331,151,-7,258,258,187,107,2.57712741596489,2.57712741596489
Control-01,589,61,308,174,2,2,218,184,342,190,275,218,342,202,-7,258,258,187,107,2.57712741596489,2.57712741596489
Control-01,590,63,308,174,2,2,218,179,370,161,277,215,344,205,-7,258,258,187,107,2.57712741596489,2.57712741596489
Control-01,591,61,308,174,2,2,246,182,383,166,282,210,352,210,-7,258,258,187,107,2.57712741596489,2.57712741596489
Control-01,592,60,308,174,2,2,249,148,393,166,282,208,352,210,-7,258,258,187,107,2.57712741596489,2.57712741596489
Control-01,593,60,308,174,1,2,249,148,373,171,282,208,368,179,-7,258,258,187,107,2.57712741596489,2.57712741596489
Control-01,594,59,308,174,2,2,249,184,378,143,280,213,350,192,-7,258,258,187,107,2.57712741596489,2.57712741596489
Control-01,595,60,308,174,2,1,244,197,357,133,277,215,342,200,-7,258,258,187,107,2.57712741596489,2.57712741596489
Control-01,596,61,308,174,2,1,246,210,355,130,272,223,339,197,-7,258,258,187,107,2.57712741596489,2.57712741596489
Control-01,597,60,308,174,2,1,244,215,344,130,272,223,334,192,-7,258,258,187,107,2.57712741596489,2.57712741596489
Control-01,598,60,308,174,2,1,244,197,352,141,277,215,350,153,-7,258,258,187,107,2.57712741596489,2.57712741596489
Control-01,599,63,308,174,2,1,231,190,352,141,275,215,350,153,-7,258,258,187,107,2.57712741596489,2.57712741596489
Control-01,600,59,308,174,2,2,223,200,375,187,275,218,368,190,-7,258,258,187,107,2.57712741596489,2.57712741596489
Control-01,601,59,308,174,2,2,221,210,388,192,272,226,373,205,-7,258,258,187,107,2.57712741596489,2.57712741596489
Control-01,602,60,308,174,3,3,218,223,406,202,270,228,360,221,-7,258,258,187,107,2.57712741596489,2.57712741596489
Control-01,603,57,308,174,3,3,215,239,411,210,267,233,362,226,-7,258,258,187,107,2.57712741596489,2.57712741596489
Control-01,604,56,308,174,3,3,215,244,414,213,264,236,360,221,-7,258,258,187,107,2.57712741596489,2.57712741596489
Control-01,605,58,308,174,3,3,208,228,375,210,267,236,357,218,-7,258,258,187,107,2.57712741596489,2.57712741596489
Control-01,606,58,308,174,2,2,208,213,357,202,270,228,350,208,-7,258,258,187,107,2.57712741596489,2.57712741596489
Control-01,607,57,308,174,2,1,241,197,360,138,272,221,342,192,-7,258,258,187,107,2.57712741596489,2.57712741596489
Control-01,608,57,308,174,2,1,221,174,347,130,277,215,337,197,-7,258,258,187,107,2.57712741596489,2.57712741596489
Control-01,609,56,308,174,2,1,223,171,339,130,280,213,334,195,-7,258,258,187,107,2.57712741596489,2.57712741596489
Control-01,610,55,308,174,2,1,215,182,334,130,277,215,334,192,-7,258,258,187,107,2.57712741596489,2.57712741596489
Control-01,611,54,308,174,2,1,213,192,334,130,272,221,339,202,-7,258,258,187,107,2.57712741596489,2.57712741596489
Control-01,612,55,308,174,2,1,210,200,329,130,272,223,329,161,-7,258,258,187,107,2.57712741596489,2.57712741596489
Control-01,613,55,308,174,2,1,208,208,326,133,272,223,329,164,-7,258,258,187,107,2.57712741596489,2.57712741596489
Control-01,614,54,308,174,2,1,208,210,321,138,272,226,324,161,-7,258,258,187,107,2.57712741596489,2.57712741596489
Control-01,615,55,308,174,3,1,208,228,321,138,267,233,324,161,-7,258,258,187,107,2.57712741596489,2.57712741596489
Control-01,616,55,308,174,3,1,208,251,321,138,267,239,324,161,-7,258,258,187,107,2.57712741596489,2.57712741596489
Control-01,617,55,308,174,3,1,208,251,321,138,267,239,324,161,-7,258,258,187,107,2.57712741596489,2.57712741596489
Control-01,618,57,308,174,3,1,213,259,339,187,267,244,337,197,-7,258,258,187,107,2.57712741596489,2.57712741596489
Control-01,619,53,308,174,3,1,215,264,337,184,267,249,337,197,-7,258,258,187,107,2.57712741596489,2.57712741596489
Control-01,620,59,308,174,3,1,215,267,337,184,267,249,337,197,-7,258,258,187,107,2.57712741596489,2.57712741596489
Control-01,621,57,308,174,3,1,213,257,319,141,267,244,324,153,-7,258,258,187,107,2.57712741596489,2.57712741596489
Control-01,622,55,308,174,3,1,208,221,319,141,270,231,324,153,-7,258,258,187,107,2.57712741596489,2.57712741596489
Control-01,623,57,308,174,2,1,213,197,319,141,272,223,324,153,-7,258,258,187,107,2.57712741596489,2.57712741596489
Control-01,624,54,308,174,2,1,215,184,339,187,277,215,337,195,-7,258,258,187,107,2.57712741596489,2.57712741596489
Control-01,625,55,308,174,2,2,218,177,357,200,277,215,350,208,-7,258,258,187,107,2.57712741596489,2.57712741596489
Control-01,626,54,308,174,2,2,213,184,357,200,275,218,350,208,-7,258,258,187,107,2.57712741596489,2.57712741596489
Control-01,627,56,308,174,2,3,210,195,373,221,272,221,360,221,-7,258,258,187,107,2.57712741596489,2.57712741596489
Control-01,628,55,308,174,2,3,208,205,381,223,272,223,365,228,-7,258,258,187,107,2.57712741596489,2.57712741596489
Control-01,629,55,308,174,3,3,208,221,383,228,270,231,368,236,-7,258,258,187,107,2.57712741596489,2.57712741596489
Control-01,630,51,308,174,3,3,213,246,388,228,267,239,368,236,-7,258,258,187,107,2.57712741596489,2.57712741596489
Control-01,631,55,308,174,3,2,223,257,388,192,267,246,352,210,-7,258,258,187,107,2.57712741596489,2.57712741596489
Control-01,632,59,308,174,3,2,231,270,357,202,267,249,350,208,-7,258,258,187,107,2.57712741596489,2.57712741596489
Control-01,633,59,308,174,3,2,231,270,357,202,267,249,350,208,-7,258,258,187,107,2.57712741596489,2.57712741596489
Control-01,634,55,308,174,3,1,231,249,355,130,267,236,342,200,-7,258,258,187,107,2.57712741596489,2.57712741596489
Control-01,635,56,308,174,2,1,244,208,352,133,272,226,339,197,-7,258,258,187,107,2.57712741596489,2.57712741596489
Control-01,636,56,308,174,2,1,251,213,352,133,272,223,339,197,-7,258,258,187,107,2.57712741596489,2.57712741596489
Control-01,637,55,308,174,2,1,244,166,360,133,282,210,339,200,-7,258,258,187,107,2.57712741596489,2.57712741596489
Control-01,638,56,308,174,2,2,249,169,383,146,282,208,352,192,-7,258,258,187,107,2.57712741596489,2.57712741596489
Control-01,639,56,308,174,2,2,249,169,383,146,282,208,352,192,-7,258,258,187,107,2.57712741596489,2.57712741596489
Control-01,640,58,308,174,2,2,244,205,401,161,277,215,360,202,-7,258,258,187,107,2.57712741596489,2.57712741596489
Control-01,641,58,308,174,2,2,244,205,399,159,277,215,360,202,-7,258,258,187,107,2.57712741596489,2.57712741596489
Control-01,642,58,308,174,3,2,236,228,406,169,272,226,360,208,-7,258,258,187,107,2.57712741596489,2.57712741596489
Control-01,643,56,308,174,3,2,231,241,409,174,267,236,352,210,-7,258,258,187,107,2.57712741596489,2.57712741596489
Control-01,644,58,308,174,3,2,228,251,406,169,267,241,375,197,-7,258,258,187,107,2.57712741596489,2.57712741596489
Control-01,645,56,308,174,3,2,223,257,360,169,267,246,355,195,-7,258,258,187,107,2.57712741596489,2.57712741596489
Control-01,646,56,308,174,3,1,223,264,355,133,267,249,339,200,-7,258,258,187,107,2.57712741596489,2.57712741596489
Control-01,647,55,308,174,3,1,223,267,347,130,267,249,337,195,-7,258,258,187,107,2.57712741596489,2.57712741596489
Control-01,648,52,308,174,3,1,213,246,342,133,267,236,334,192,-7,258,258,187,107,2.57712741596489,2.57712741596489
Control-01,649,55,308,174,3,1,210,215,337,133,270,228,334,192,-7,258,258,187,107,2.57712741596489,2.57712741596489
Control-01,650,55,308,174,2,1,218,187,331,133,272,221,334,192,-7,258,258,187,107,2.57712741596489,2.57712741596489
Control-01,651,56,308,174,2,1,223,169,329,133,277,215,331,161,-7,258,258,187,107,2.57712741596489,2.57712741596489
Control-01,652,54,308,174,2,1,233,159,329,133,282,210,331,164,-7,258,258,187,107,2.57712741596489,2.57712741596489
Control-01,653,58,308,174,2,1,239,156,329,133,282,208,329,164,-7,258,258,187,107,2.57712741596489,2.57712741596489
Control-01,654,58,308,174,2,1,264,195,326,135,280,213,331,164,-7,258,258,187,107,2.57712741596489,2.57712741596489
Control-01,655,56,308,174,2,1,239,192,321,138,277,215,324,164,-7,258,258,187,107,2.57712741596489,2.57712741596489
Control-01,656,56,308,174,2,1,233,213,329,138,272,226,329,148,-7,258,258,187,107,2.57712741596489,2.57712741596489
Control-01,657,56,308,174,3,1,226,231,337,182,270,231,337,195,-7,258,258,187,107,2.57712741596489,2.57712741596489
Control-01,658,56,308,174,3,1,218,244,337,182,267,239,337,195,-7,258,258,187,107,2.57712741596489,2.57712741596489
Control-01,659,56,308,174,3,1,218,251,331,133,267,241,331,164,-7,258,258,187,107,2.57712741596489,2.57712741596489
Control-01,660,51,308,174,3,1,218,257,329,133,267,244,329,164,-7,258,258,187,107,2.57712741596489,2.57712741596489
Control-01,661,55,308,174,3,1,218,259,321,138,267,244,324,164,-7,258,258,187,107,2.57712741596489,2.57712741596489
Control-01,662,55,308,174,3,1,210,249,319,141,267,241,324,164,-7,258,258,187,107,2.57712741596489,2.57712741596489
Control-01,663,55,308,174,3,1,208,228,319,141,267,236,324,164,-7,258,258,187,107,2.57712741596489,2.57712741596489
Control-01,664,53,308,174,2,1,210,197,339,184,272,226,337,197,-7,258,258,187,107,2.57712741596489,2.57712741596489
Control-01,665,58,308,174,2,2,213,187,347,192,275,218,344,205,-7,258,258,187,107,2.57712741596489,2.57712741596489
Control-01,666,59,308,174,2,2,218,182,347,192,277,215,344,205,-7,258,258,187,107,2.57712741596489,2.57712741596489
Control-01,667,59,308,174,2,2,213,184,347,192,275,218,344,205,-7,258,258,187,107,2.57712741596489,2.57712741596489
Control-01,668,58,308,174,2,3,208,200,373,218,272,223,362,223,-7,258,258,187,107,2.57712741596489,2.57712741596489
Control-01,669,58,308,174,3,3,205,221,370,221,272,226,362,226,-7,258,258,187,107,2.57712741596489,2.57712741596489
Control-01,670,59,308,174,3,3,205,231,370,223,267,233,362,226,-7,258,258,187,107,2.57712741596489,2.57712741596489
Control-01,671,57,308,174,3,3,210,241,370,223,264,236,362,226,-7,258,258,187,107,2.57712741596489,2.57712741596489
Control-01,672,56,308,174,3,1,208,244,334,135,264,236,331,151,-7,258,258,187,107,2.57712741596489,2.57712741596489
Control-01,673,56,308,174,3,1,208,244,326,133,264,236,326,164,-7,258,258,187,107,2.57712741596489,2.57712741596489
Control-01,674,57,308,174,3,1,210,244,319,141,267,236,324,164,-7,258,258,187,107,2.57712741596489,2.57712741596489
Control-01,675,56,308,174,3,1,208,231,319,141,231,236,324,151,-7,258,258,187,107,2.57712741596489,2.57712741596489
Control-01,676,54,308,174,3,1,208,210,319,141,272,226,324,151,-7,258,258,187,107,2.57712741596489,2.57712741596489
Control-01,677,56,308,174,2,1,213,192,337,184,275,218,339,197,-7,258,258,187,107,2.57712741596489,2.57712741596489
Control-01,678,56,308,174,2,2,215,187,360,195,275,218,350,208,-7,258,258,187,107,2.57712741596489,2.57712741596489
Control-01,679,56,308,174,2,2,213,187,365,205,275,218,352,210,-7,258,258,187,107,2.57712741596489,2.57712741596489
Control-01,680,55,308,174,2,3,210,197,378,213,272,221,360,221,-7,258,258,187,107,2.57712741596489,2.57712741596489
Control-01,681,56,308,174,2,3,208,210,386,231,270,226,365,231,-7,258,258,187,107,2.57712741596489,2.57712741596489
Control-01,682,56,308,174,3,3,208,215,391,236,270,228,368,236,-7,258,258,187,107,2.57712741596489,2.57712741596489
Control-01,683,54,308,174,3,3,208,223,388,241,270,228,368,236,-7,258,258,187,107,2.57712741596489,2.57712741596489
Control-01,684,56,308,174,3,3,208,231,383,241,267,233,368,236,-7,258,258,187,107,2.57712741596489,2.57712741596489
Control-01,685,55,308,174,3,3,208,233,383,241,267,233,368,236,-7,258,258,187,107,2.57712741596489,2.57712741596489
Control-01,686,55,308,174,3,2,210,241,347,187,267,236,342,202,-7,258,258,187,107,2.57712741596489,2.57712741596489
Control-01,687,56,308,174,3,2,208,241,347,187,267,236,342,202,-7,258,258,187,107,2.57712741596489,2.57712741596489
Control-01,688,55,308,174,3,1,208,239,331,138,264,236,329,148,-7,258,258,187,107,2.57712741596489,2.57712741596489
Control-01,689,57,308,174,3,1,236,228,329,133,270,228,329,164,-7,258,258,187,107,2.57712741596489,2.57712741596489
Control-01,690,55,308,174,2,1,218,182,326,135,275,218,326,164,-7,258,258,187,107,2.57712741596489,2.57712741596489
Control-01,691,56,308,174,2,1,223,169,329,133,280,213,329,164,-7,258,258,187,107,2.57712741596489,2.57712741596489
Control-01,692,53,308,174,2,1,228,169,337,130,280,213,334,169,-7,258,258,187,107,2.57712741596489,2.57712741596489
Control-01,693,56,308,174,2,1,241,187,342,192,280,213,339,200,-7,258,258,187,107,2.57712741596489,2.57712741596489
Control-01,694,56,308,174,2,2,223,190,357,184,275,218,344,205,-7,258,258,187,107,2.57712741596489,2.57712741596489
Control-01,695,55,308,174,2,2,223,202,370,179,272,223,352,210,-7,258,258,187,107,2.57712741596489,2.57712741596489
Control-01,696,55,308,174,2,2,221,215,391,184,272,226,352,210,-7,258,258,187,107,2.57712741596489,2.57712741596489
Control-01,697,57,308,174,3,2,221,221,393,184,270,228,352,210,-7,258,258,187,107,2.57712741596489,2.57712741596489
Control-01,698,56,308,174,3,2,221,231,396,179,267,233,352,210,-7,258,258,187,107,2.57712741596489,2.57712741596489
Control-01,699,56,308,174,3,2,223,246,362,166,267,249,344,205,-7,258,258,187,107,2.57712741596489,2.57712741596489
Control-01,700,57,308,174,3,1,226,249,362,133,267,241,339,200,-7,258,258,187,107,2.57712741596489,2.57712741596489
Control-01,701,55,308,174,3,1,221,233,350,130,270,231,337,195,-7,258,258,187,107,2.57712741596489,2.57712741596489
Control-01,702,54,308,174,2,1,239,210,350,133,272,223,339,197,-7,258,258,187,107,2.57712741596489,2.57712741596489
Control-01,703,54,308,174,2,1,239,210,350,130,272,223,339,197,-7,258,258,187,107,2.57712741596489,2.57712741596489
Control-01,704,57,308,174,2,2,231,179,383,146,277,213,352,210,-7,258,258,187,107,2.57712741596489,2.57712741596489
Control-01,705,57,308,174,2,2,226,190,396,156,277,215,357,202,-7,258,258,187,107,2.57712741596489,2.57712741596489
Control-01,706,57,308,174,2,2,226,190,396,156,277,215,357,202,-7,258,258,187,107,2.57712741596489,2.57712741596489
Control-01,707,57,308,174,2,2,221,202,404,164,272,221,352,210,-7,258,258,187,107,2.57712741596489,2.57712741596489
Control-01,708,60,308,174,2,2,218,208,411,177,272,223,352,210,-7,258,258,187,107,2.57712741596489,2.57712741596489
Control-01,709,56,308,174,2,2,215,210,409,190,270,226,357,218,-7,258,258,187,107,2.57712741596489,2.57712741596489
Control-01,710,53,308,174,2,2,213,213,399,195,270,228,357,218,-7,258,258,187,107,2.57712741596489,2.57712741596489
Control-01,711,58,308,174,2,2,210,205,399,195,272,226,357,218,-7,258,258,187,107,2.57712741596489,2.57712741596489
Control-01,712,56,308,174,2,2,210,200,344,187,272,223,342,202,-7,258,258,187,107,2.57712741596489,2.57712741596489
Control-01,713,56,308,174,2,1,218,179,344,143,275,218,344,153,-7,258,258,187,107,2.57712741596489,2.57712741596489
Control-01,714,56,308,174,2,1,223,169,342,133,280,213,334,192,-7,258,258,187,107,2.57712741596489,2.57712741596489
Control-01,715,55,308,174,2,1,228,166,334,130,282,210,334,169,-7,258,258,187,107,2.57712741596489,2.57712741596489
Control-01,716,54,308,174,2,1,231,161,331,133,282,210,331,164,-7,258,258,187,107,2.57712741596489,2.57712741596489
Control-01,717,56,308,174,2,1,233,159,329,130,280,210,331,164,-7,258,258,187,107,2.57712741596489,2.57712741596489
Control-01,718,56,308,174,2,1,231,164,329,133,280,210,331,164,-7,258,258,187,107,2.57712741596489,2.57712741596489
Control-01,719,56,308,174,2,1,231,164,329,133,282,210,329,164,-7,258,258,187,107,2.57712741596489,2.57712741596489
Control-01,720,58,308,174,2,1,231,164,326,135,282,210,331,164,-7,258,258,187,107,2.57712741596489,2.57712741596489
Control-01,721,56,308,174,2,1,241,179,329,133,280,213,331,164,-7,258,258,187,107,2.57712741596489,2.57712741596489
Control-01,722,57,308,174,2,1,215,184,334,138,275,218,339,148,-7,258,258,187,107,2.57712741596489,2.57712741596489
Control-01,723,56,308,174,2,2,213,192,342,187,272,221,342,200,-7,258,258,187,107,2.57712741596489,2.57712741596489
Control-01,724,57,308,174,2,2,213,197,347,192,272,221,344,202,-7,258,258,187,107,2.57712741596489,2.57712741596489
Control-01,725,56,308,174,2,2,213,200,347,177,272,223,339,200,-7,258,258,187,107,2.57712741596489,2.57712741596489
Control-01,726,59,308,174,2,1,213,202,339,187,272,223,337,197,-7,258,258,187,107,2.57712741596489,2.57712741596489
Control-01,727,59,308,174,2,1,213,205,339,187,272,223,337,197,-7,258,258,187,107,2.57712741596489,2.57712741596489
Control-01,728,56,308,174,2,1,210,208,339,187,270,226,337,197,-7,258,258,187,107,2.57712741596489,2.57712741596489
Control-01,729,56,308,174,2,1,210,208,319,153,270,226,319,164,-7,258,258,187,107,2.57712741596489,2.57712741596489
Control-01,730,57,308,174,2,1,210,210,319,153,270,226,319,164,-7,258,258,187,107,2.57712741596489,2.57712741596489
Control-01,731,58,308,174,2,1,210,210,319,153,272,226,319,164,-7,258,258,187,107,2.57712741596489,2.57712741596489
Control-01,732,56,308,174,2,1,210,213,319,153,270,228,319,164,-7,258,258,187,107,2.57712741596489,2.57712741596489
Control-01,733,56,308,174,3,1,210,213,319,153,270,228,319,164,-7,258,258,187,107,2.57712741596489,2.57712741596489
Control-01,734,57,308,174,3,1,210,215,319,153,270,228,319,164,-7,258,258,187,107,2.57712741596489,2.57712741596489
Control-01,735,57,308,174,3,1,208,218,319,153,270,228,319,164,-7,258,258,187,107,2.57712741596489,2.57712741596489
Control-01,736,57,308,174,3,1,210,218,319,153,270,228,319,164,-7,258,258,187,107,2.57712741596489,2.57712741596489
Control-01,737,58,308,174,3,1,208,221,319,153,267,228,319,164,-7,258,258,187,107,2.57712741596489,2.57712741596489
Control-01,738,57,308,174,3,1,210,218,319,153,267,228,319,164,-7,258,258,187,107,2.57712741596489,2.57712741596489
Control-01,739,58,308,174,3,1,208,221,319,146,267,228,321,156,-7,258,258,187,107,2.57712741596489,2.57712741596489
Control-01,740,57,308,174,3,1,208,221,319,146,267,228,321,156,-7,258,258,187,107,2.57712741596489,2.57712741596489
Control-01,741,56,308,174,3,1,208,221,337,184,267,228,334,195,-7,258,258,187,107,2.57712741596489,2.57712741596489
Control-01,742,55,308,174,3,2,210,221,344,195,267,228,344,205,-7,258,258,187,107,2.57712741596489,2.57712741596489
Control-01,743,57,308,174,3,2,208,218,344,195,267,228,344,205,-7,258,258,187,107,2.57712741596489,2.57712741596489
Control-01,744,58,308,174,2,2,210,205,344,195,272,223,344,205,-7,258,258,187,107,2.57712741596489,2.57712741596489
Control-01,745,56,308,174,2,3,218,187,368,213,272,221,357,218,-7,258,258,187,107,2.57712741596489,2.57712741596489
Control-01,746,54,308,174,2,2,223,174,362,215,277,215,357,218,-7,258,258,187,107,2.57712741596489,2.57712741596489
Control-01,747,56,308,174,2,2,233,164,362,215,280,213,357,218,-7,258,258,187,107,2.57712741596489,2.57712741596489
Control-01,748,56,308,174,2,1,239,159,344,184,282,210,342,202,-7,258,258,187,107,2.57712741596489,2.57712741596489
Control-01,749,56,308,174,2,1,239,159,337,153,282,210,342,202,-7,258,258,187,107,2.57712741596489,2.57712741596489
Control-01,750,56,308,174,2,1,239,192,337,174,277,215,342,202,-7,258,258,187,107,2.57712741596489,2.57712741596489
Control-01,751,54,308,174,2,1,221,190,334,151,272,221,342,202,-7,258,258,187,107,2.57712741596489,2.57712741596489
Control-01,752,55,308,174,2,1,218,202,331,141,272,221,344,205,-7,258,258,187,107,2.57712741596489,2.57712741596489
Control-01,753,54,308,174,2,1,215,213,334,135,270,226,342,202,-7,258,258,187,107,2.57712741596489,2.57712741596489
Control-01,754,56,308,174,3,1,213,218,331,133,270,228,339,200,-7,258,258,187,107,2.57712741596489,2.57712741596489
Control-01,755,54,308,174,3,1,210,223,329,133,267,231,331,164,-7,258,258,187,107,2.57712741596489,2.57712741596489
Control-01,756,54,308,174,3,1,210,223,329,133,267,231,331,164,-7,258,258,187,107,2.57712741596489,2.57712741596489
Control-01,757,55,308,174,3,1,210,231,329,133,267,233,331,164,-7,258,258,187,107,2.57712741596489,2.57712741596489
Control-01,758,57,308,174,3,2,213,239,347,179,267,236,339,200,-7,258,258,187,107,2.57712741596489,2.57712741596489
Control-01,759,58,308,174,3,2,210,239,347,179,267,236,339,200,-7,258,258,187,107,2.57712741596489,2.57712741596489
Control-01,760,58,308,174,3,2,210,239,347,179,267,236,339,200,-7,258,258,187,107,2.57712741596489,2.57712741596489
Control-01,761,56,308,174,3,1,210,233,326,135,267,233,329,164,-7,258,258,187,107,2.57712741596489,2.57712741596489
Control-01,762,56,308,174,3,1,210,236,321,138,267,236,324,164,-7,258,258,187,107,2.57712741596489,2.57712741596489
Control-01,763,56,308,174,3,1,210,236,321,138,267,236,324,164,-7,258,258,187,107,2.57712741596489,2.57712741596489
Control-01,764,57,308,174,3,1,210,236,316,146,267,236,324,161,-7,258,258,187,107,2.57712741596489,2.57712741596489
Control-01,765,56,308,174,3,1,208,226,316,146,267,233,321,164,-7,258,258,187,107,2.57712741596489,2.57712741596489
Control-01,766,56,308,174,2,1,213,192,316,146,272,221,321,164,-7,258,258,187,107,2.57712741596489,2.57712741596489
Control-01,767,56,308,174,2,1,215,184,316,151,275,218,319,164,-7,258,258,187,107,2.57712741596489,2.57712741596489
Control-01,768,56,308,174,2,1,221,179,316,146,277,215,321,164,-7,258,258,187,107,2.57712741596489,2.57712741596489
Control-01,769,57,308,174,2,1,215,187,316,146,275,218,321,164,-7,258,258,187,107,2.57712741596489,2.57712741596489
Control-01,770,57,308,174,2,2,210,195,347,184,272,221,339,200,-7,258,258,187,107,2.57712741596489,2.57712741596489
Control-01,771,58,308,174,2,2,210,200,352,192,272,223,352,210,-7,258,258,187,107,2.57712741596489,2.57712741596489
Control-01,772,55,308,174,2,2,208,208,352,192,270,226,352,210,-7,258,258,187,107,2.57712741596489,2.57712741596489
Control-01,773,55,308,174,2,2,208,208,352,192,270,226,352,210,-7,258,258,187,107,2.57712741596489,2.57712741596489
Control-01,774,53,308,174,3,3,205,226,381,233,267,231,368,236,-7,258,258,187,107,2.57712741596489,2.57712741596489
Control-01,775,54,308,174,3,3,205,226,381,231,267,231,368,236,-7,258,258,187,107,2.57712741596489,2.57712741596489
Control-01,776,56,308,174,3,3,208,241,381,231,267,236,368,236,-7,258,258,187,107,2.57712741596489,2.57712741596489
Control-01,777,58,308,174,3,2,210,244,344,190,267,236,342,202,-7,258,258,187,107,2.57712741596489,2.57712741596489
Control-01,778,56,308,174,3,2,210,244,344,190,267,236,342,202,-7,258,258,187,107,2.57712741596489,2.57712741596489
Control-01,779,55,308,174,3,2,208,213,344,190,270,228,342,202,-7,258,258,187,107,2.57712741596489,2.57712741596489
Control-01,780,56,308,174,2,1,213,195,326,138,272,221,324,148,-7,258,258,187,107,2.57712741596489,2.57712741596489
Control-01,781,58,308,174,2,1,213,184,319,141,277,215,321,151,-7,258,258,187,107,2.57712741596489,2.57712741596489
Control-01,782,57,308,174,2,1,221,177,319,141,277,215,324,161,-7,258,258,187,107,2.57712741596489,2.57712741596489
Control-01,783,57,308,174,2,1,223,169,319,141,280,213,324,161,-7,258,258,187,107,2.57712741596489,2.57712741596489
Control-01,784,57,308,174,2,1,226,169,319,143,280,213,324,161,-7,258,258,187,107,2.57712741596489,2.57712741596489
Control-01,785,57,308,174,2,1,223,171,321,141,280,213,324,151,-7,258,258,187,107,2.57712741596489,2.57712741596489
Control-01,786,56,308,174,2,1,218,177,321,141,277,215,324,151,-7,258,258,187,107,2.57712741596489,2.57712741596489
Control-01,787,56,308,174,2,2,215,187,355,179,275,218,344,202,-7,258,258,187,107,2.57712741596489,2.57712741596489
Control-01,788,56,308,174,2,2,215,190,355,197,272,221,352,210,-7,258,258,187,107,2.57712741596489,2.57712741596489
Control-01,789,56,308,174,2,2,210,195,381,187,272,221,368,200,-7,258,258,187,107,2.57712741596489,2.57712741596489
Control-01,790,57,308,174,2,2,213,190,388,190,272,221,352,210,-7,258,258,187,107,2.57712741596489,2.57712741596489
Control-01,791,56,308,174,2,2,239,190,378,192,277,215,373,195,-7,258,258,187,107,2.57712741596489,2.57712741596489
Control-01,792,58,308,174,2,2,228,166,362,146,280,213,352,210,-7,258,258,187,107,2.57712741596489,2.57712741596489
Control-01,793,57,308,174,2,1,239,161,350,141,282,210,344,202,-7,258,258,187,107,2.57712741596489,2.57712741596489
Control-01,794,58,308,174,2,1,244,153,337,135,282,208,344,205,-7,258,258,187,107,2.57712741596489,2.57712741596489
Control-01,795,55,308,174,2,1,239,153,334,133,282,208,342,202,-7,258,258,187,107,2.57712741596489,2.57712741596489
Control-01,796,55,308,174,2,1,231,161,344,133,282,210,342,202,-7,258,258,187,107,2.57712741596489,2.57712741596489
Control-01,797,58,308,174,2,2,226,177,375,148,277,215,352,210,-7,258,258,187,107,2.57712741596489,2.57712741596489
Control-01,798,55,308,174,2,2,228,187,386,148,275,218,352,210,-7,258,258,187,107,2.57712741596489,2.57712741596489
Control-01,799,57,308,174,2,2,226,205,391,156,272,223,352,210,-7,258,258,187,107,2.57712741596489,2.57712741596489
Control-01,800,58,308,174,2,2,223,213,396,161,272,226,352,210,-7,258,258,187,107,2.57712741596489,2.57712741596489
Control-01,801,57,308,174,3,2,218,221,404,169,270,228,352,210,-7,258,258,187,107,2.57712741596489,2.57712741596489
Control-01,802,57,308,174,3,3,213,228,406,187,267,233,360,221,-7,258,258,187,107,2.57712741596489,2.57712741596489
Control-01,803,59,308,174,3,3,210,231,404,205,267,233,362,226,-7,258,258,187,107,2.57712741596489,2.57712741596489
Control-01,804,58,308,174,3,3,210,241,399,221,264,236,365,228,-7,258,258,187,107,2.57712741596489,2.57712741596489
Control-01,805,57,308,174,3,3,213,251,399,221,267,241,365,228,-7,258,258,187,107,2.57712741596489,2.57712741596489
Control-01,806,58,308,174,3,2,215,257,365,184,267,244,355,200,-7,258,258,187,107,2.57712741596489,2.57712741596489
Control-01,807,59,308,174,3,2,213,254,365,184,267,244,355,200,-7,258,258,187,107,2.57712741596489,2.57712741596489
Control-01,808,60,308,174,3,1,213,251,342,141,267,249,339,151,-7,258,258,187,107,2.57712741596489,2.57712741596489
Control-01,809,58,308,174,3,1,208,241,324,135,267,236,324,164,-7,258,258,187,107,2.57712741596489,2.57712741596489
Control-01,810,59,308,174,3,1,210,249,319,141,267,233,324,161,-7,258,258,187,107,2.57712741596489,2.57712741596489
Control-01,811,62,308,174,3,1,210,257,316,148,267,249,319,164,-7,258,258,187,107,2.57712741596489,2.57712741596489
Control-01,812,63,308,174,3,1,213,262,316,148,267,246,319,164,-7,258,258,187,107,2.57712741596489,2.57712741596489
Control-01,813,61,308,174,3,1,215,267,316,148,267,249,319,164,-7,258,258,187,107,2.57712741596489,2.57712741596489
Control-01,814,61,308,174,3,1,215,267,339,184,267,249,337,197,-7,258,258,187,107,2.57712741596489,2.57712741596489
Control-01,815,63,308,174,3,2,213,262,347,195,267,246,344,205,-7,258,258,187,107,2.57712741596489,2.57712741596489
Control-01,816,58,308,174,3,2,208,251,347,195,264,239,344,205,-7,258,258,187,107,2.57712741596489,2.57712741596489
Control-01,817,58,308,174,3,2,205,228,347,195,267,233,344,205,-7,258,258,187,107,2.57712741596489,2.57712741596489
Control-01,818,63,308,174,3,2,208,221,347,195,270,228,344,205,-7,258,258,187,107,2.57712741596489,2.57712741596489
Control-01,819,63,308,174,3,2,208,221,347,195,270,228,344,205,-7,258,258,187,107,2.57712741596489,2.57712741596489
Control-01,820,61,308,174,2,2,208,208,347,195,270,226,344,205,-7,258,258,187,107,2.57712741596489,2.57712741596489
Control-01,821,61,308,174,2,1,213,200,342,182,272,223,337,197,-7,258,258,187,107,2.57712741596489,2.57712741596489
Control-01,822,62,308,174,2,1,210,202,334,143,272,223,334,153,-7,258,258,187,107,2.57712741596489,2.57712741596489
Control-01,823,60,308,174,2,1,210,205,329,135,272,223,331,164,-7,258,258,187,107,2.57712741596489,2.57712741596489
Control-01,824,61,308,174,2,1,208,210,321,138,270,226,326,164,-7,258,258,187,107,2.57712741596489,2.57712741596489
Control-01,825,61,308,174,3,1,208,218,326,141,270,228,329,153,-7,258,258,187,107,2.57712741596489,2.57712741596489
Control-01,826,58,308,174,3,1,210,223,342,179,267,231,342,200,-7,258,258,187,107,2.57712741596489,2.57712741596489
Control-01,827,59,308,174,3,1,208,226,342,179,267,231,342,200,-7,258,258,187,107,2.57712741596489,2.57712741596489
Control-01,828,60,308,174,3,3,208,228,373,231,267,231,362,226,-7,258,258,187,107,2.57712741596489,2.57712741596489
Control-01,829,60,308,174,3,3,208,218,378,246,270,228,365,244,-7,258,258,187,107,2.57712741596489,2.57712741596489
Control-01,830,57,308,174,2,4,208,210,378,254,272,223,362,249,-7,258,258,187,107,2.57712741596489,2.57712741596489
Control-01,831,61,308,174,2,4,218,177,375,259,275,218,360,254,-7,258,258,187,107,2.57712741596489,2.57712741596489
Control-01,832,61,308,174,2,4,223,174,370,254,277,215,362,251,-7,258,258,187,107,2.57712741596489,2.57712741596489
Control-01,833,59,308,174,2,4,223,174,370,254,280,213,362,251,-7,258,258,187,107,2.57712741596489,2.57712741596489
Control-01,834,62,308,174,2,2,218,177,350,192,277,215,344,205,-7,258,258,187,107,2.57712741596489,2.57712741596489
Control-01,835,60,308,174,2,1,213,190,344,182,275,218,339,197,-7,258,258,187,107,2.57712741596489,2.57712741596489
Control-01,836,62,308,174,2,1,213,197,337,143,272,221,337,151,-7,258,258,187,107,2.57712741596489,2.57712741596489
Control-01,837,60,308,174,2,1,210,200,334,135,272,223,334,177,-7,258,258,187,107,2.57712741596489,2.57712741596489
Control-01,838,63,308,174,2,1,213,190,329,130,275,218,331,164,-7,258,258,187,107,2.57712741596489,2.57712741596489
Control-01,839,62,308,174,2,1,223,174,326,135,277,215,326,164,-7,258,258,187,107,2.57712741596489,2.57712741596489
Control-01,840,63,308,174,2,1,228,169,321,138,280,213,326,164,-7,258,258,187,107,2.57712741596489,2.57712741596489
Control-01,841,61,308,174,2,1,226,169,326,135,282,210,331,164,-7,258,258,187,107,2.57712741596489,2.57712741596489
Control-01,842,59,308,174,2,1,218,177,329,135,280,213,329,164,-7,258,258,187,107,2.57712741596489,2.57712741596489
Control-01,843,60,308,174,2,1,215,184,337,184,275,218,334,190,-7,258,258,187,107,2.57712741596489,2.57712741596489
Control-01,844,60,308,174,2,2,210,197,350,182,272,221,342,202,-7,258,258,187,107,2.57712741596489,2.57712741596489
Control-01,845,59,308,174,2,2,213,202,355,171,272,223,342,202,-7,258,258,187,107,2.57712741596489,2.57712741596489
Control-01,846,58,308,174,2,1,218,197,355,156,272,221,342,202,-7,258,258,187,107,2.57712741596489,2.57712741596489
Control-01,847,60,308,174,2,1,223,187,355,141,275,218,339,200,-7,258,258,187,107,2.57712741596489,2.57712741596489
Control-01,848,61,308,174,2,1,231,169,347,130,280,213,337,195,-7,258,258,187,107,2.57712741596489,2.57712741596489
Control-01,849,59,308,174,2,1,262,197,342,133,280,213,337,197,-7,258,258,187,107,2.57712741596489,2.57712741596489
Control-01,850,62,308,174,2,1,223,187,337,130,275,218,337,197,-7,258,258,187,107,2.57712741596489,2.57712741596489
Control-01,851,59,308,174,2,1,218,205,331,130,272,223,331,164,-7,258,258,187,107,2.57712741596489,2.57712741596489
Control-01,852,59,308,174,3,1,215,215,334,135,272,226,331,164,-7,258,258,187,107,2.57712741596489,2.57712741596489
Control-01,853,58,308,174,3,1,213,226,342,182,267,231,339,197,-7,258,258,187,107,2.57712741596489,2.57712741596489
Control-01,854,59,308,174,3,2,210,233,350,179,267,233,344,205,-7,258,258,187,107,2.57712741596489,2.57712741596489
Control-01,855,60,308,174,3,2,210,239,355,190,267,236,344,205,-7,258,258,187,107,2.57712741596489,2.57712741596489
Control-01,856,60,308,174,3,2,210,244,342,182,267,239,339,200,-7,258,258,187,107,2.57712741596489,2.57712741596489
Control-01,857,57,308,174,3,1,210,244,334,148,264,236,334,156,-7,258,258,187,107,2.57712741596489,2.57712741596489
Control-01,858,59,308,174,3,1,208,226,329,135,270,231,329,151,-7,258,258,187,107,2.57712741596489,2.57712741596489
Control-01,859,58,308,174,2,1,208,210,329,133,272,226,329,164,-7,258,258,187,107,2.57712741596489,2.57712741596489
Control-01,860,57,308,174,2,1,213,192,324,135,272,221,326,164,-7,258,258,187,107,2.57712741596489,2.57712741596489
Control-01,861,57,308,174,2,1,215,182,321,138,275,218,324,164,-7,258,258,187,107,2.57712741596489,2.57712741596489
Control-01,862,55,308,174,2,1,215,182,321,138,277,215,324,164,-7,258,258,187,107,2.57712741596489,2.57712741596489
Control-01,863,58,308,174,2,1,210,195,342,182,272,221,337,197,-7,258,258,187,107,2.57712741596489,2.57712741596489
Control-01,864,58,308,174,2,2,208,205,347,192,272,223,342,202,-7,258,258,187,107,2.57712741596489,2.57712741596489
Control-01,865,59,308,174,2,2,208,213,347,192,270,226,342,202,-7,258,258,187,107,2.57712741596489,2.57712741596489
Control-01,866,58,308,174,2,2,208,215,339,192,272,226,342,200,-7,258,258,187,107,2.57712741596489,2.57712741596489
Control-01,867,58,308,174,3,2,208,215,339,192,270,228,342,200,-7,258,258,187,107,2.57712741596489,2.57712741596489
Control-01,868,59,308,174,3,1,208,215,329,143,270,228,326,153,-7,258,258,187,107,2.57712741596489,2.57712741596489
Control-01,869,56,308,174,3,1,208,218,321,138,270,228,324,151,-7,258,258,187,107,2.57712741596489,2.57712741596489
Control-01,870,58,308,174,3,1,208,218,319,143,270,228,321,164,-7,258,258,187,107,2.57712741596489,2.57712741596489
Control-01,871,56,308,174,2,1,208,210,316,146,270,226,321,164,-7,258,258,187,107,2.57712741596489,2.57712741596489
Control-01,872,57,308,174,2,1,218,184,316,146,275,218,321,164,-7,258,258,187,107,2.57712741596489,2.57712741596489
Control-01,873,60,308,174,2,1,221,174,321,138,280,213,324,164,-7,258,258,187,107,2.57712741596489,2.57712741596489
Control-01,874,63,308,174,2,1,228,164,331,141,282,210,337,148,-7,258,258,187,107,2.57712741596489,2.57712741596489
Control-01,875,56,308,174,2,1,226,169,339,184,280,213,337,195,-7,258,258,187,107,2.57712741596489,2.57712741596489
Control-01,876,57,308,174,2,2,223,184,357,171,275,215,342,202,-7,258,258,187,107,2.57712741596489,2.57712741596489
Control-01,877,58,308,174,2,2,228,200,373,174,272,221,350,208,-7,258,258,187,107,2.57712741596489,2.57712741596489
Control-01,878,58,308,174,2,2,236,202,391,169,275,218,352,210,-7,258,258,187,107,2.57712741596489,2.57712741596489
Control-01,879,58,308,174,2,2,241,187,401,171,280,213,352,210,-7,258,258,187,107,2.57712741596489,2.57712741596489
Control-01,880,58,308,174,2,2,239,174,406,179,282,210,352,210,-7,258,258,187,107,2.57712741596489,2.57712741596489
Control-01,881,59,308,174,2,2,244,164,383,146,282,208,352,210,-7,258,258,187,107,2.57712741596489,2.57712741596489
Control-01,882,59,308,174,2,2,244,164,381,146,282,208,352,210,-7,258,258,187,107,2.57712741596489,2.57712741596489
Control-01,883,58,308,174,2,2,239,192,370,148,280,213,344,202,-7,258,258,187,107,2.57712741596489,2.57712741596489
Control-01,884,58,308,174,2,1,233,221,352,130,272,223,339,197,-7,258,258,187,107,2.57712741596489,2.57712741596489
Control-01,885,57,308,174,3,1,226,231,342,130,270,231,334,192,-7,258,258,187,107,2.57712741596489,2.57712741596489
Control-01,886,57,308,174,3,1,218,241,337,184,267,236,334,192,-7,258,258,187,107,2.57712741596489,2.57712741596489
Control-01,887,57,308,174,3,2,221,249,344,184,267,239,339,197,-7,258,258,187,107,2.57712741596489,2.57712741596489
Control-01,888,58,308,174,3,2,218,251,352,179,267,241,344,205,-7,258,258,187,107,2.57712741596489,2.57712741596489
Control-01,889,59,308,174,3,2,213,246,357,192,267,239,350,208,-7,258,258,187,107,2.57712741596489,2.57712741596489
Control-01,890,57,308,174,3,2,208,228,357,192,267,233,350,208,-7,258,258,187,107,2.57712741596489,2.57712741596489
Control-01,891,58,308,174,2,2,208,213,350,197,270,228,350,208,-7,258,258,187,107,2.57712741596489,2.57712741596489
Control-01,892,60,308,174,2,2,213,192,344,179,272,221,339,197,-7,258,258,187,107,2.57712741596489,2.57712741596489
Control-01,893,59,308,174,2,1,218,177,337,187,275,218,334,192,-7,258,258,187,107,2.57712741596489,2.57712741596489
Control-01,894,57,308,174,2,1,223,171,334,135,280,213,334,153,-7,258,258,187,107,2.57712741596489,2.57712741596489
Control-01,895,60,308,174,2,1,221,171,329,133,280,213,329,164,-7,258,258,187,107,2.57712741596489,2.57712741596489
Control-01,896,59,308,174,2,1,215,182,326,135,277,215,326,164,-7,258,258,187,107,2.57712741596489,2.57712741596489
Control-01,897,59,308,174,2,1,210,195,321,138,272,221,326,164,-7,258,258,187,107,2.57712741596489,2.57712741596489
Control-01,898,57,308,174,2,1,208,205,321,138,272,223,331,164,-7,258,258,187,107,2.57712741596489,2.57712741596489
Control-01,899,59,308,174,3,1,205,221,321,138,270,228,331,164,-7,258,258,187,107,2.57712741596489,2.57712741596489
Control-01,900,60,308,174,3,1,208,228,339,174,267,233,337,195,-7,258,258,187,107,2.57712741596489,2.57712741596489
Control-01,901,60,308,174,3,2,208,241,350,182,264,236,342,202,-7,258,258,187,107,2.57712741596489,2.57712741596489
Control-01,902,60,308,174,3,2,208,246,362,195,264,236,352,210,-7,258,258,187,107,2.57712741596489,2.57712741596489
Control-01,903,58,308,174,3,2,210,249,368,205,267,239,352,210,-7,258,258,187,107,2.57712741596489,2.57712741596489
Control-01,904,59,308,174,3,3,208,246,368,213,264,236,357,218,-7,258,258,187,107,2.57712741596489,2.57712741596489
Control-01,905,57,308,174,3,2,205,233,360,202,270,231,347,202,-7,258,258,187,107,2.57712741596489,2.57712741596489
Control-01,906,56,308,174,2,1,208,210,342,187,272,226,339,197,-7,258,258,187,107,2.57712741596489,2.57712741596489
Control-01,907,57,308,174,2,1,210,200,342,187,272,223,339,197,-7,258,258,187,107,2.57712741596489,2.57712741596489
Control-01,908,55,308,174,2,1,213,190,329,135,275,218,329,164,-7,258,258,187,107,2.57712741596489,2.57712741596489
Control-01,909,60,308,174,2,1,218,182,326,135,277,215,326,164,-7,258,258,187,107,2.57712741596489,2.57712741596489
Control-01,910,55,308,174,2,1,218,179,319,141,277,215,324,164,-7,258,258,187,107,2.57712741596489,2.57712741596489
Control-01,911,56,308,174,2,1,215,182,319,141,277,215,324,164,-7,258,258,187,107,2.57712741596489,2.57712741596489
Control-01,912,58,308,174,2,1,213,192,319,143,275,218,324,161,-7,258,258,187,107,2.57712741596489,2.57712741596489
Control-01,913,60,308,174,2,1,210,197,316,146,272,221,321,164,-7,258,258,187,107,2.57712741596489,2.57712741596489
Control-01,914,58,308,174,2,1,213,192,316,148,272,221,321,161,-7,258,258,187,107,2.57712741596489,2.57712741596489
Control-01,915,58,308,174,2,1,218,179,319,146,277,215,324,156,-7,258,258,187,107,2.57712741596489,2.57712741596489
Control-01,916,59,308,174,2,1,221,177,337,182,277,215,334,192,-7,258,258,187,107,2.57712741596489,2.57712741596489
Control-01,917,56,308,174,2,2,223,174,342,187,280,213,342,202,-7,258,258,187,107,2.57712741596489,2.57712741596489
Control-01,918,57,308,174,2,2,226,171,347,195,280,213,342,202,-7,258,258,187,107,2.57712741596489,2.57712741596489
Control-01,919,60,308,174,2,2,223,171,347,184,280,213,342,202,-7,258,258,187,107,2.57712741596489,2.57712741596489
Control-01,920,58,308,174,2,2,218,177,347,184,277,215,342,202,-7,258,258,187,107,2.57712741596489,2.57712741596489
Control-01,921,59,308,174,2,1,215,187,326,153,275,218,329,164,-7,258,258,187,107,2.57712741596489,2.57712741596489
Control-01,922,60,308,174,2,1,213,195,319,151,272,221,319,164,-7,258,258,187,107,2.57712741596489,2.57712741596489
Control-01,923,58,308,174,2,1,210,205,319,151,272,223,319,164,-7,258,258,187,107,2.57712741596489,2.57712741596489
Control-01,924,58,308,174,2,1,210,208,319,151,270,226,319,164,-7,258,258,187,107,2.57712741596489,2.57712741596489
Control-01,925,59,308,174,2,1,210,213,319,151,272,226,319,164,-7,258,258,187,107,2.57712741596489,2.57712741596489
Control-01,926,57,308,174,3,1,210,215,319,151,270,228,319,164,-7,258,258,187,107,2.57712741596489,2.57712741596489
Control-01,927,59,308,174,3,1,208,221,319,151,270,228,319,164,-7,258,258,187,107,2.57712741596489,2.57712741596489
Control-01,928,58,308,174,3,1,208,226,319,151,267,231,319,164,-7,258,258,187,107,2.57712741596489,2.57712741596489
Control-01,929,58,308,174,3,1,210,228,319,151,267,231,319,164,-7,258,258,187,107,2.57712741596489,2.57712741596489
Control-01,930,60,308,174,3,1,208,233,339,182,267,233,337,195,-7,258,258,187,107,2.57712741596489,2.57712741596489
Control-01,931,60,308,174,3,2,208,241,360,200,267,236,352,210,-7,258,258,187,107,2.57712741596489,2.57712741596489
Control-01,932,57,308,174,3,3,208,244,381,210,264,236,360,221,-7,258,258,187,107,2.57712741596489,2.57712741596489
Control-01,933,59,308,174,3,3,210,249,391,215,267,239,362,226,-7,258,258,187,107,2.57712741596489,2.57712741596489
Control-01,934,57,308,174,3,3,208,231,396,218,267,233,365,228,-7,258,258,187,107,2.57712741596489,2.57712741596489
Control-01,935,59,308,174,2,3,210,208,401,223,272,223,368,236,-7,258,258,187,107,2.57712741596489,2.57712741596489
Control-01,936,58,308,174,2,3,218,187,401,226,275,218,368,236,-7,258,258,187,107,2.57712741596489,2.57712741596489
Control-01,937,58,308,174,2,3,221,184,399,218,277,215,365,228,-7,258,258,187,107,2.57712741596489,2.57712741596489
Control-01,938,57,308,174,2,3,218,195,399,210,272,221,362,226,-7,258,258,187,107,2.57712741596489,2.57712741596489
Control-01,939,60,308,174,2,2,215,208,381,187,272,226,352,210,-7,258,258,187,107,2.57712741596489,2.57712741596489
Control-01,940,60,308,174,2,2,215,210,383,187,272,226,352,210,-7,258,258,187,107,2.57712741596489,2.57712741596489
Control-01,941,61,308,174,3,2,215,226,370,179,270,231,350,208,-7,258,258,187,107,2.57712741596489,2.57712741596489
Control-01,942,60,308,174,3,1,215,244,360,143,267,236,352,169,-7,258,258,187,107,2.57712741596489,2.57712741596489
Control-01,943,59,308,174,3,1,218,249,350,135,267,239,342,202,-7,258,258,187,107,2.57712741596489,2.57712741596489
Control-01,944,58,308,174,3,1,213,246,342,130,267,239,339,200,-7,258,258,187,107,2.57712741596489,2.57712741596489
Control-01,945,59,308,174,3,1,210,228,334,130,267,236,337,195,-7,258,258,187,107,2.57712741596489,2.57712741596489
Control-01,946,60,308,174,2,1,213,202,331,130,272,226,337,197,-7,258,258,187,107,2.57712741596489,2.57712741596489
Control-01,947,61,308,174,2,1,215,187,337,174,275,218,337,195,-7,258,258,187,107,2.57712741596489,2.57712741596489
Control-01,948,60,308,174,2,1,223,171,329,133,280,213,331,164,-7,258,258,187,107,2.57712741596489,2.57712741596489
Control-01,949,58,308,174,2,1,231,164,329,130,282,210,331,164,-7,258,258,187,107,2.57712741596489,2.57712741596489
Control-01,950,61,308,174,2,1,226,166,339,130,282,210,334,192,-7,258,258,187,107,2.57712741596489,2.57712741596489
Control-01,951,60,308,174,2,1,215,184,347,135,277,215,339,179,-7,258,258,187,107,2.57712741596489,2.57712741596489
Control-01,952,58,308,174,2,2,213,192,355,151,275,218,342,202,-7,258,258,187,107,2.57712741596489,2.57712741596489
Control-01,953,60,308,174,2,2,210,197,360,179,272,221,352,210,-7,258,258,187,107,2.57712741596489,2.57712741596489
Control-01,954,58,308,174,2,2,210,205,365,195,272,223,352,210,-7,258,258,187,107,2.57712741596489,2.57712741596489
Control-01,955,60,308,174,2,3,208,210,365,210,270,226,357,218,-7,258,258,187,107,2.57712741596489,2.57712741596489
Control-01,956,59,308,174,2,3,208,215,370,218,272,226,362,226,-7,258,258,187,107,2.57712741596489,2.57712741596489
Control-01,957,59,308,174,2,3,210,213,370,218,272,226,362,226,-7,258,258,187,107,2.57712741596489,2.57712741596489
Control-01,958,57,308,174,2,2,213,190,355,177,272,221,344,202,-7,258,258,187,107,2.57712741596489,2.57712741596489
Control-01,959,62,308,174,2,1,218,179,339,184,277,215,337,197,-7,258,258,187,107,2.57712741596489,2.57712741596489
Control-01,960,56,308,174,2,1,221,174,342,133,282,210,334,192,-7,258,258,187,107,2.57712741596489,2.57712741596489
Control-01,961,57,308,174,2,1,218,177,334,133,277,215,334,166,-7,258,258,187,107,2.57712741596489,2.57712741596489
Control-01,962,60,308,174,2,1,213,187,329,130,275,218,331,164,-7,258,258,187,107,2.57712741596489,2.57712741596489
Control-01,963,57,308,174,2,1,210,197,329,133,272,221,331,164,-7,258,258,187,107,2.57712741596489,2.57712741596489
Control-01,964,59,308,174,2,1,208,205,321,138,272,223,331,164,-7,258,258,187,107,2.57712741596489,2.57712741596489
Control-01,965,57,308,174,3,1,208,215,321,138,270,228,331,164,-7,258,258,187,107,2.57712741596489,2.57712741596489
Control-01,966,60,308,174,3,1,208,231,324,135,267,233,331,164,-7,258,258,187,107,2.57712741596489,2.57712741596489
Control-01,967,60,308,174,3,1,210,244,331,138,264,236,329,148,-7,258,258,187,107,2.57712741596489,2.57712741596489
Control-01,968,60,308,174,3,1,215,246,339,187,267,239,337,195,-7,258,258,187,107,2.57712741596489,2.57712741596489
Control-01,969,60,308,174,3,2,218,246,355,174,267,236,344,202,-7,258,258,187,107,2.57712741596489,2.57712741596489
Control-01,970,60,308,174,3,2,221,218,368,182,272,226,352,210,-7,258,258,187,107,2.57712741596489,2.57712741596489
Control-01,971,61,308,174,2,2,226,187,381,200,275,218,352,210,-7,258,258,187,107,2.57712741596489,2.57712741596489
Control-01,972,61,308,174,2,2,231,177,386,197,280,213,357,218,-7,258,258,187,107,2.57712741596489,2.57712741596489
Control-01,973,59,308,174,2,2,236,171,391,197,282,210,357,218,-7,258,258,187,107,2.57712741596489,2.57712741596489
Control-01,974,59,308,174,2,2,236,192,388,195,277,215,352,210,-7,258,258,187,107,2.57712741596489,2.57712741596489
Control-01,975,58,308,174,2,2,226,202,370,174,272,221,350,208,-7,258,258,187,107,2.57712741596489,2.57712741596489
Control-01,976,59,308,174,2,2,221,210,365,141,272,223,342,202,-7,258,258,187,107,2.57712741596489,2.57712741596489
Control-01,977,58,308,174,3,1,221,218,355,133,270,228,339,200,-7,258,258,187,107,2.57712741596489,2.57712741596489
Control-01,978,59,308,174,3,1,218,226,344,130,267,231,334,195,-7,258,258,187,107,2.57712741596489,2.57712741596489
Control-01,979,61,308,174,3,1,215,231,342,133,270,231,334,192,-7,258,258,187,107,2.57712741596489,2.57712741596489
Control-01,980,62,308,174,3,1,213,231,337,179,267,233,334,192,-7,258,258,187,107,2.57712741596489,2.57712741596489
Control-01,981,60,308,174,2,1,210,213,347,169,270,228,339,197,-7,258,258,187,107,2.57712741596489,2.57712741596489
Control-01,982,59,308,174,2,2,221,174,352,190,277,215,344,205,-7,258,258,187,107,2.57712741596489,2.57712741596489
Control-01,983,59,308,174,2,2,221,174,352,190,277,215,344,205,-7,258,258,187,107,2.57712741596489,2.57712741596489
Control-01,984,59,308,174,2,1,226,169,339,182,280,213,339,197,-7,258,258,187,107,2.57712741596489,2.57712741596489
Control-01,985,59,308,174,2,1,226,169,339,182,280,213,339,197,-7,258,258,187,107,2.57712741596489,2.57712741596489
Control-01,986,56,308,174,2,1,215,182,331,130,277,215,331,164,-7,258,258,187,107,2.57712741596489,2.57712741596489
Control-01,987,56,308,174,2,1,215,182,331,130,277,215,331,164,-7,258,258,187,107,2.57712741596489,2.57712741596489
Control-01,988,60,308,174,2,1,213,187,331,133,275,218,331,164,-7,258,258,187,107,2.57712741596489,2.57712741596489
Control-01,989,59,308,174,2,1,210,195,329,133,272,221,331,164,-7,258,258,187,107,2.57712741596489,2.57712741596489
Control-01,990,59,308,174,2,1,210,200,331,133,272,223,331,156,-7,258,258,187,107,2.57712741596489,2.57712741596489
Control-01,991,59,308,174,2,1,208,208,342,182,272,223,337,195,-7,258,258,187,107,2.57712741596489,2.57712741596489
Control-01,992,61,308,174,2,2,208,213,344,174,272,226,342,202,-7,258,258,187,107,2.57712741596489,2.57712741596489
Control-01,993,58,308,174,3,2,208,215,339,190,270,228,339,200,-7,258,258,187,107,2.57712741596489,2.57712741596489
Control-01,994,60,308,174,3,1,208,221,334,138,270,228,329,151,-7,258,258,187,107,2.57712741596489,2.57712741596489
Control-01,995,56,308,174,3,1,208,215,329,133,270,226,329,164,-7,258,258,187,107,2.57712741596489,2.57712741596489
Control-01,996,56,308,174,2,1,208,215,329,133,270,226,329,164,-7,258,258,187,107,2.57712741596489,2.57712741596489
Control-01,997,58,308,174,2,1,210,202,329,133,272,221,329,164,-7,258,258,187,107,2.57712741596489,2.57712741596489
Control-01,998,56,308,174,2,1,218,179,329,133,277,215,331,164,-7,258,258,187,107,2.57712741596489,2.57712741596489
Control-01,999,59,308,174,2,1,221,174,329,133,280,213,331,164,-7,258,258,187,107,2.57712741596489,2.57712741596489
Control-01,1000,58,308,174,2,1,226,166,329,130,280,213,331,164,-7,258,258,187,107,2.57712741596489,2.57712741596489
Control-01,1001,57,308,174,2,2,221,174,350,190,280,213,342,202,-7,258,258,187,107,2.57712741596489,2.57712741596489
Control-01,1002,57,308,174,2,2,221,174,347,190,280,213,342,202,-7,258,258,187,107,2.57712741596489,2.57712741596489
Control-01,1003,59,308,174,2,2,215,184,378,192,275,218,360,192,-7,258,258,187,107,2.57712741596489,2.57712741596489
Control-01,1004,58,308,174,2,2,213,195,368,213,272,221,357,218,-7,258,258,187,107,2.57712741596489,2.57712741596489
Control-01,1005,60,308,174,2,3,210,192,404,208,272,218,362,223,-7,258,258,187,107,2.57712741596489,2.57712741596489
Control-01,1006,60,308,174,2,3,221,174,409,213,277,215,362,226,-7,258,258,187,107,2.57712741596489,2.57712741596489
Control-01,1007,58,308,174,2,3,226,169,411,205,282,210,362,223,-7,258,258,187,107,2.57712741596489,2.57712741596489
Control-01,1008,59,308,174,2,2,231,164,409,182,280,210,357,218,-7,258,258,187,107,2.57712741596489,2.57712741596489
Control-01,1009,59,308,174,2,2,231,161,404,171,280,210,352,210,-7,258,258,187,107,2.57712741596489,2.57712741596489
Control-01,1010,62,308,174,2,2,223,169,391,156,277,213,352,210,-7,258,258,187,107,2.57712741596489,2.57712741596489
Control-01,1011,58,308,174,2,2,215,182,383,153,277,215,352,210,-7,258,258,187,107,2.57712741596489,2.57712741596489
Control-01,1012,60,308,174,2,2,213,192,378,146,272,218,352,210,-7,258,258,187,107,2.57712741596489,2.57712741596489
Control-01,1013,59,308,174,2,2,213,197,378,143,272,221,352,210,-7,258,258,187,107,2.57712741596489,2.57712741596489
Control-01,1014,59,308,174,2,2,246,205,378,146,275,218,352,210,-7,258,258,187,107,2.57712741596489,2.57712741596489
Control-01,1015,58,308,174,2,2,264,202,381,161,280,213,352,210,-7,258,258,187,107,2.57712741596489,2.57712741596489
Control-01,1016,58,308,174,2,2,239,192,381,174,280,213,352,210,-7,258,258,187,107,2.57712741596489,2.57712741596489
Control-01,1017,56,308,174,2,2,231,202,388,190,272,221,352,210,-7,258,258,187,107,2.57712741596489,2.57712741596489
Control-01,1018,58,308,174,3,3,228,218,396,200,272,226,360,221,-7,258,258,187,107,2.57712741596489,2.57712741596489
Control-01,1019,56,308,174,3,3,226,231,404,205,267,236,362,223,-7,258,258,187,107,2.57712741596489,2.57712741596489
Control-01,1020,59,308,174,3,3,226,254,411,205,267,241,362,223,-7,258,258,187,107,2.57712741596489,2.57712741596489
Control-01,1021,60,308,174,3,2,228,251,401,171,267,244,357,218,-7,258,258,187,107,2.57712741596489,2.57712741596489
Control-01,1022,59,308,174,3,2,233,254,357,195,267,244,352,210,-7,258,258,187,107,2.57712741596489,2.57712741596489
Control-01,1023,56,308,174,3,2,231,251,365,138,267,241,347,195,-7,258,258,187,107,2.57712741596489,2.57712741596489
Control-01,1024,58,308,174,3,1,233,251,352,130,267,244,337,197,-7,258,258,187,107,2.57712741596489,2.57712741596489
Control-01,1025,57,308,174,3,1,228,254,344,130,267,244,334,190,-7,258,258,187,107,2.57712741596489,2.57712741596489
Control-01,1026,54,308,174,3,1,228,257,339,133,267,246,334,174,-7,258,258,187,107,2.57712741596489,2.57712741596489
Control-01,1027,57,308,174,3,1,226,259,337,177,267,246,334,190,-7,258,258,187,107,2.57712741596489,2.57712741596489
Control-01,1028,56,308,174,3,1,223,262,337,182,267,249,334,192,-7,258,258,187,107,2.57712741596489,2.57712741596489
Control-01,1029,58,308,174,3,1,223,259,331,133,267,246,331,151,-7,258,258,187,107,2.57712741596489,2.57712741596489
Control-01,1030,58,308,174,3,1,221,257,331,133,267,246,331,164,-7,258,258,187,107,2.57712741596489,2.57712741596489
Control-01,1031,57,308,174,3,1,215,241,329,130,267,236,331,164,-7,258,258,187,107,2.57712741596489,2.57712741596489
Control-01,1032,58,308,174,3,1,210,221,329,133,270,228,329,164,-7,258,258,187,107,2.57712741596489,2.57712741596489
Control-01,1033,57,308,174,2,1,213,197,329,133,272,223,329,164,-7,258,258,187,107,2.57712741596489,2.57712741596489
Control-01,1034,57,308,174,2,1,213,197,329,133,233,213,329,164,-7,258,258,187,107,2.57712741596489,2.57712741596489
Control-01,1035,57,308,174,2,2,210,195,347,179,272,221,342,202,-7,258,258,187,107,2.57712741596489,2.57712741596489
Control-01,1036,58,308,174,2,2,208,208,357,190,270,226,352,210,-7,258,258,187,107,2.57712741596489,2.57712741596489
Control-01,1037,61,308,174,3,2,205,221,360,197,270,228,352,210,-7,258,258,187,107,2.57712741596489,2.57712741596489
Control-01,1038,59,308,174,3,2,208,226,360,197,270,231,352,210,-7,258,258,187,107,2.57712741596489,2.57712741596489
Control-01,1039,57,308,174,3,2,208,231,360,197,267,233,352,210,-7,258,258,187,107,2.57712741596489,2.57712741596489
Control-01,1040,59,308,174,3,2,208,231,360,197,267,233,352,210,-7,258,258,187,107,2.57712741596489,2.57712741596489
Control-01,1041,61,308,174,3,1,205,223,339,187,270,231,337,197,-7,258,258,187,107,2.57712741596489,2.57712741596489
Control-01,1042,58,308,174,3,1,208,223,339,187,270,228,337,197,-7,258,258,187,107,2.57712741596489,2.57712741596489
Control-01,1043,55,308,174,3,1,208,218,339,187,270,228,337,197,-7,258,258,187,107,2.57712741596489,2.57712741596489
Control-01,1044,56,308,174,3,1,208,215,321,141,270,228,324,153,-7,258,258,187,107,2.57712741596489,2.57712741596489
Control-01,1045,57,308,174,3,1,208,215,321,138,270,228,326,164,-7,258,258,187,107,2.57712741596489,2.57712741596489
Control-01,1046,56,308,174,2,1,208,208,319,141,270,226,324,164,-7,258,258,187,107,2.57712741596489,2.57712741596489
Control-01,1047,56,308,174,2,1,210,197,316,146,272,223,321,164,-7,258,258,187,107,2.57712741596489,2.57712741596489
Control-01,1048,56,308,174,2,1,215,192,316,153,272,221,319,164,-7,258,258,187,107,2.57712741596489,2.57712741596489
Control-01,1049,58,308,174,2,1,210,195,316,153,272,221,319,164,-7,258,258,187,107,2.57712741596489,2.57712741596489
Control-01,1050,58,308,174,2,1,213,202,316,151,272,223,319,164,-7,258,258,187,107,2.57712741596489,2.57712741596489
Control-01,1051,57,308,174,2,1,210,205,319,151,272,223,319,164,-7,258,258,187,107,2.57712741596489,2.57712741596489
Control-01,1052,60,308,174,2,1,208,208,316,148,270,226,321,161,-7,258,258,187,107,2.57712741596489,2.57712741596489
Control-01,1053,60,308,174,2,1,210,205,316,148,272,223,321,161,-7,258,258,187,107,2.57712741596489,2.57712741596489
Control-01,1054,57,308,174,2,1,210,202,316,148,272,223,321,161,-7,258,258,187,107,2.57712741596489,2.57712741596489
Control-01,1055,55,308,174,2,1,213,192,316,148,272,221,321,161,-7,258,258,187,107,2.57712741596489,2.57712741596489
Control-01,1056,57,308,174,2,1,221,179,316,148,277,215,321,161,-7,258,258,187,107,2.57712741596489,2.57712741596489
Control-01,1057,56,308,174,2,1,221,179,316,148,277,215,321,161,-7,258,258,187,107,2.57712741596489,2.57712741596489
Control-01,1058,57,308,174,2,1,228,166,316,148,280,213,321,161,-7,258,258,187,107,2.57712741596489,2.57712741596489
Control-01,1059,57,308,174,2,1,226,169,316,148,280,213,321,161,-7,258,258,187,107,2.57712741596489,2.57712741596489
Control-01,1060,56,308,174,2,1,215,184,316,148,275,218,321,161,-7,258,258,187,107,2.57712741596489,2.57712741596489
Control-01,1061,55,308,174,2,1,213,195,316,148,272,221,321,161,-7,258,258,187,107,2.57712741596489,2.57712741596489
Control-01,1062,55,308,174,2,1,213,195,316,148,272,221,321,161,-7,258,258,187,107,2.57712741596489,2.57712741596489
Control-01,1063,57,308,174,2,1,213,202,326,151,270,223,329,164,-7,258,258,187,107,2.57712741596489,2.57712741596489
Control-01,1064,60,308,174,2,1,210,205,339,184,272,223,337,197,-7,258,258,187,107,2.57712741596489,2.57712741596489
Control-01,1065,60,308,174,2,1,210,210,339,184,270,226,337,197,-7,258,258,187,107,2.57712741596489,2.57712741596489
Control-01,1066,61,308,174,2,1,210,213,339,184,272,226,337,197,-7,258,258,187,107,2.57712741596489,2.57712741596489
Control-01,1067,61,308,174,2,1,210,213,339,184,272,226,337,197,-7,258,258,187,107,2.57712741596489,2.57712741596489
Control-01,1068,62,308,174,2,3,210,215,373,226,270,226,362,226,-7,258,258,187,107,2.57712741596489,2.57712741596489
Control-01,1069,61,308,174,3,3,208,218,383,241,270,228,365,244,-7,258,258,187,107,2.57712741596489,2.57712741596489
Control-01,1070,60,308,174,3,4,210,215,386,251,270,228,365,246,-7,258,258,187,107,2.57712741596489,2.57712741596489
Control-01,1071,60,308,174,2,4,208,208,388,254,272,223,362,249,-7,258,258,187,107,2.57712741596489,2.57712741596489
Control-01,1072,63,308,174,2,4,223,171,393,254,280,213,362,249,-7,258,258,187,107,2.57712741596489,2.57712741596489
Control-01,1073,58,308,174,2,3,228,164,396,246,282,210,365,246,-7,258,258,187,107,2.57712741596489,2.57712741596489
Control-01,1074,56,308,174,2,3,239,177,401,241,280,213,368,236,-7,258,258,187,107,2.57712741596489,2.57712741596489
Control-01,1075,60,308,174,2,3,221,184,404,233,275,215,368,236,-7,258,258,187,107,2.57712741596489,2.57712741596489
Control-01,1076,60,308,174,2,3,221,195,409,231,272,221,368,236,-7,258,258,187,107,2.57712741596489,2.57712741596489
Control-01,1077,60,308,174,2,3,228,208,409,202,272,223,362,226,-7,258,258,187,107,2.57712741596489,2.57712741596489
Control-01,1078,59,308,174,3,3,231,223,406,184,270,228,357,218,-7,258,258,187,107,2.57712741596489,2.57712741596489
Control-01,1079,59,308,174,3,2,228,241,370,184,267,236,368,190,-7,258,258,187,107,2.57712741596489,2.57712741596489
Control-01,1080,62,308,174,3,2,228,249,362,156,267,241,350,197,-7,258,258,187,107,2.57712741596489,2.57712741596489
Control-01,1081,58,308,174,3,1,226,254,350,135,267,244,337,197,-7,258,258,187,107,2.57712741596489,2.57712741596489
Control-01,1082,60,308,174,3,1,226,257,344,138,267,246,344,153,-7,258,258,187,107,2.57712741596489,2.57712741596489
Control-01,1083,58,308,174,3,2,226,262,350,166,267,249,339,200,-7,258,258,187,107,2.57712741596489,2.57712741596489
Control-01,1084,58,308,174,3,2,223,262,355,182,267,246,344,205,-7,258,258,187,107,2.57712741596489,2.57712741596489
Control-01,1085,58,308,174,3,2,221,233,350,177,267,236,342,202,-7,258,258,187,107,2.57712741596489,2.57712741596489
Control-01,1086,60,308,174,2,1,221,210,342,146,272,226,339,151,-7,258,258,187,107,2.57712741596489,2.57712741596489
Control-01,1087,58,308,174,2,1,226,182,342,135,277,215,334,192,-7,258,258,187,107,2.57712741596489,2.57712741596489
Control-01,1088,59,308,174,2,1,233,177,342,130,280,213,334,195,-7,258,258,187,107,2.57712741596489,2.57712741596489
Control-01,1089,58,308,174,2,1,231,184,347,130,277,215,337,195,-7,258,258,187,107,2.57712741596489,2.57712741596489
Control-01,1090,58,308,174,2,1,228,202,357,135,272,221,339,200,-7,258,258,187,107,2.57712741596489,2.57712741596489
Control-01,1091,59,308,174,3,2,233,221,350,195,270,228,344,205,-7,258,258,187,107,2.57712741596489,2.57712741596489
Control-01,1092,58,308,174,3,2,236,231,365,184,267,233,350,208,-7,258,258,187,107,2.57712741596489,2.57712741596489
Control-01,1093,58,308,174,3,2,236,241,396,159,267,236,352,210,-7,258,258,187,107,2.57712741596489,2.57712741596489
Control-01,1094,57,308,174,3,2,233,246,406,171,267,241,352,210,-7,258,258,187,107,2.57712741596489,2.57712741596489
Control-01,1095,58,308,174,3,2,231,257,409,177,267,246,352,210,-7,258,258,187,107,2.57712741596489,2.57712741596489
Control-01,1096,57,308,174,3,2,231,262,411,179,267,249,352,210,-7,258,258,187,107,2.57712741596489,2.57712741596489
Control-01,1097,57,308,174,3,2,233,270,406,169,267,249,352,210,-7,258,258,187,107,2.57712741596489,2.57712741596489
Control-01,1098,58,308,174,3,2,233,270,383,146,267,249,344,202,-7,258,258,187,107,2.57712741596489,2.57712741596489
Control-01,1099,58,308,174,3,1,236,267,357,138,267,244,342,202,-7,258,258,187,107,2.57712741596489,2.57712741596489
Control-01,1100,58,308,174,2,1,223,197,347,130,272,223,334,192,-7,258,258,187,107,2.57712741596489,2.57712741596489
Control-01,1101,60,308,174,2,1,221,187,342,133,275,218,334,192,-7,258,258,187,107,2.57712741596489,2.57712741596489
Control-01,1102,58,308,174,2,1,223,177,339,133,280,213,334,184,-7,258,258,187,107,2.57712741596489,2.57712741596489
Control-01,1103,58,308,174,2,1,223,177,339,133,280,213,334,184,-7,258,258,187,107,2.57712741596489,2.57712741596489
Control-01,1104,56,308,174,2,1,221,179,337,135,277,215,337,148,-7,258,258,187,107,2.57712741596489,2.57712741596489
Control-01,1105,58,308,174,2,1,213,190,337,184,275,218,337,195,-7,258,258,187,107,2.57712741596489,2.57712741596489
Control-01,1106,61,308,174,2,2,210,200,352,171,272,223,339,200,-7,258,258,187,107,2.57712741596489,2.57712741596489
Control-01,1107,56,308,174,2,1,208,213,342,182,270,226,339,197,-7,258,258,187,107,2.57712741596489,2.57712741596489
Control-01,1108,59,308,174,2,1,208,215,342,138,272,226,339,148,-7,258,258,187,107,2.57712741596489,2.57712741596489
Control-01,1109,57,308,174,2,1,208,215,339,130,272,226,334,179,-7,258,258,187,107,2.57712741596489,2.57712741596489
Control-01,1110,55,308,174,3,1,208,215,329,130,270,228,329,164,-7,258,258,187,107,2.57712741596489,2.57712741596489
Control-01,1111,58,308,174,3,1,205,221,326,135,270,228,331,164,-7,258,258,187,107,2.57712741596489,2.57712741596489
Control-01,1112,58,308,174,3,1,205,221,326,135,270,228,326,164,-7,258,258,187,107,2.57712741596489,2.57712741596489
Control-01,1113,58,308,174,2,1,208,210,326,135,272,226,326,164,-7,258,258,187,107,2.57712741596489,2.57712741596489
Control-01,1114,58,308,174,2,2,208,200,347,174,272,221,339,200,-7,258,258,187,107,2.57712741596489,2.57712741596489
Control-01,1115,56,308,174,2,2,215,187,355,182,275,218,352,210,-7,258,258,187,107,2.57712741596489,2.57712741596489
Control-01,1116,58,308,174,2,2,215,184,360,187,277,215,350,208,-7,258,258,187,107,2.57712741596489,2.57712741596489
Control-01,1117,58,308,174,2,2,215,184,357,187,277,215,350,208,-7,258,258,187,107,2.57712741596489,2.57712741596489
Control-01,1118,59,308,174,2,2,213,197,365,205,272,221,357,218,-7,258,258,187,107,2.57712741596489,2.57712741596489
Control-01,1119,58,308,174,2,3,213,195,370,215,272,221,360,221,-7,258,258,187,107,2.57712741596489,2.57712741596489
Control-01,1120,58,308,174,2,3,213,195,370,215,272,221,360,221,-7,258,258,187,107,2.57712741596489,2.57712741596489
Control-01,1121,60,308,174,2,2,213,192,362,202,272,221,357,218,-7,258,258,187,107,2.57712741596489,2.57712741596489
Control-01,1122,60,308,174,2,2,213,187,357,187,275,218,350,208,-7,258,258,187,107,2.57712741596489,2.57712741596489
Control-01,1123,59,308,174,2,2,221,179,344,190,277,215,342,200,-7,258,258,187,107,2.57712741596489,2.57712741596489
Control-01,1124,57,308,174,2,1,223,177,339,187,277,215,337,195,-7,258,258,187,107,2.57712741596489,2.57712741596489
Control-01,1125,57,308,174,2,1,223,174,334,146,280,213,331,164,-7,258,258,187,107,2.57712741596489,2.57712741596489
Control-01,1126,57,308,174,2,1,221,177,329,143,277,215,329,164,-7,258,258,187,107,2.57712741596489,2.57712741596489
Control-01,1127,57,308,174,2,1,218,179,319,143,277,215,324,164,-7,258,258,187,107,2.57712741596489,2.57712741596489
Control-01,1128,58,308,174,2,1,215,187,319,143,275,218,324,164,-7,258,258,187,107,2.57712741596489,2.57712741596489
Control-01,1129,58,308,174,2,1,215,192,319,143,272,221,324,164,-7,258,258,187,107,2.57712741596489,2.57712741596489
Control-01,1130,60,308,174,2,1,215,195,319,143,272,221,324,164,-7,258,258,187,107,2.57712741596489,2.57712741596489
Control-01,1131,58,308,174,2,1,215,190,319,143,272,221,324,164,-7,258,258,187,107,2.57712741596489,2.57712741596489
Control-01,1132,55,308,174,2,1,218,184,316,153,275,218,319,164,-7,258,258,187,107,2.57712741596489,2.57712741596489
Control-01,1133,60,308,174,2,1,221,177,319,143,277,215,324,164,-7,258,258,187,107,2.57712741596489,2.57712741596489
Control-01,1134,60,308,174,2,1,223,174,329,135,280,213,326,164,-7,258,258,187,107,2.57712741596489,2.57712741596489
Control-01,1135,61,308,174,2,1,221,177,337,146,277,215,337,156,-7,258,258,187,107,2.57712741596489,2.57712741596489
Control-01,1136,59,308,174,2,1,223,177,339,190,277,215,337,197,-7,258,258,187,107,2.57712741596489,2.57712741596489
Control-01,1137,62,308,174,2,1,223,177,339,190,277,215,337,197,-7,258,258,187,107,2.57712741596489,2.57712741596489
Control-01,1138,60,308,174,2,2,223,174,344,171,280,213,339,200,-7,258,258,187,107,2.57712741596489,2.57712741596489
Control-01,1139,59,308,174,2,1,223,174,342,187,280,213,339,197,-7,258,258,187,107,2.57712741596489,2.57712741596489
Control-01,1140,61,308,174,2,1,226,169,337,184,280,213,334,192,-7,258,258,187,107,2.57712741596489,2.57712741596489
Control-01,1141,58,308,174,2,1,226,171,337,184,280,213,334,192,-7,258,258,187,107,2.57712741596489,2.57712741596489
Control-01,1142,58,308,174,2,1,221,177,337,184,277,215,334,192,-7,258,258,187,107,2.57712741596489,2.57712741596489
Control-01,1143,60,308,174,2,1,215,184,337,184,275,218,334,192,-7,258,258,187,107,2.57712741596489,2.57712741596489
Control-01,1144,59,308,174,2,1,215,187,326,146,272,218,324,156,-7,258,258,187,107,2.57712741596489,2.57712741596489
Control-01,1145,55,308,174,2,1,213,197,319,143,272,221,331,164,-7,258,258,187,107,2.57712741596489,2.57712741596489
Control-01,1146,60,308,174,2,1,213,197,316,146,272,221,321,164,-7,258,258,187,107,2.57712741596489,2.57712741596489
Control-01,1147,60,308,174,2,1,213,200,316,148,272,223,319,164,-7,258,258,187,107,2.57712741596489,2.57712741596489
Control-01,1148,63,308,174,2,1,210,205,319,141,272,223,324,159,-7,258,258,187,107,2.57712741596489,2.57712741596489
Control-01,1149,60,308,174,2,1,210,205,319,141,270,226,324,159,-7,258,258,187,107,2.57712741596489,2.57712741596489
Control-01,1150,61,308,174,2,2,208,210,347,179,270,226,342,202,-7,258,258,187,107,2.57712741596489,2.57712741596489
Control-01,1151,59,308,174,2,2,208,213,360,195,272,226,350,208,-7,258,258,187,107,2.57712741596489,2.57712741596489
Control-01,1152,61,308,174,2,3,208,215,370,210,270,226,357,218,-7,258,258,187,107,2.57712741596489,2.57712741596489
Control-01,1153,60,308,174,2,3,208,215,381,231,270,228,362,226,-7,258,258,187,107,2.57712741596489,2.57712741596489
Control-01,1154,60,308,174,2,3,208,215,383,241,270,228,368,236,-7,258,258,187,107,2.57712741596489,2.57712741596489
Control-01,1155,57,308,174,2,3,208,215,381,244,270,228,365,244,-7,258,258,187,107,2.57712741596489,2.57712741596489
Control-01,1156,60,308,174,2,3,208,202,375,246,272,223,365,246,-7,258,258,187,107,2.57712741596489,2.57712741596489
Control-01,1157,58,308,174,2,3,215,182,375,246,275,218,365,246,-7,258,258,187,107,2.57712741596489,2.57712741596489
Control-01,1158,60,308,174,2,2,218,182,347,184,277,215,342,202,-7,258,258,187,107,2.57712741596489,2.57712741596489
Control-01,1159,60,308,174,2,2,218,182,347,184,277,215,342,202,-7,258,258,187,107,2.57712741596489,2.57712741596489
Control-01,1160,59,308,174,2,2,210,195,347,184,272,221,342,202,-7,258,258,187,107,2.57712741596489,2.57712741596489
Control-01,1161,58,308,174,2,1,208,205,326,138,272,223,326,153,-7,258,258,187,107,2.57712741596489,2.57712741596489
Control-01,1162,57,308,174,2,1,208,215,319,141,270,228,324,164,-7,258,258,187,107,2.57712741596489,2.57712741596489
Control-01,1163,56,308,174,3,1,208,218,316,146,270,228,321,164,-7,258,258,187,107,2.57712741596489,2.57712741596489
Control-01,1164,58,308,174,3,1,208,221,316,146,267,233,321,156,-7,258,258,187,107,2.57712741596489,2.57712741596489
Control-01,1165,59,308,174,3,1,205,226,316,146,267,231,321,156,-7,258,258,187,107,2.57712741596489,2.57712741596489
Control-01,1166,60,308,174,3,1,208,228,319,146,267,233,324,161,-7,258,258,187,107,2.57712741596489,2.57712741596489
Control-01,1167,60,308,174,3,1,254,231,337,177,267,233,337,195,-7,258,258,187,107,2.57712741596489,2.57712741596489
Control-01,1168,60,308,174,3,2,208,231,350,184,267,233,344,205,-7,258,258,187,107,2.57712741596489,2.57712741596489
Control-01,1169,60,308,174,3,2,208,228,357,200,267,233,352,210,-7,258,258,187,107,2.57712741596489,2.57712741596489
Control-01,1170,57,308,174,3,2,208,228,357,200,267,233,352,210,-7,258,258,187,107,2.57712741596489,2.57712741596489
Control-01,1171,58,308,174,3,3,205,226,378,228,267,231,365,231,-7,258,258,187,107,2.57712741596489,2.57712741596489
Control-01,1172,58,308,174,2,3,208,208,383,231,272,226,368,236,-7,258,258,187,107,2.57712741596489,2.57712741596489
Control-01,1173,59,308,174,2,3,210,195,386,241,272,221,368,236,-7,258,258,187,107,2.57712741596489,2.57712741596489
Control-01,1174,58,308,174,2,3,210,197,383,246,272,221,365,244,-7,258,258,187,107,2.57712741596489,2.57712741596489
Control-01,1175,59,308,174,2,3,208,205,383,244,272,223,365,244,-7,258,258,187,107,2.57712741596489,2.57712741596489
Control-01,1176,59,308,174,2,3,208,208,378,241,270,226,368,236,-7,258,258,187,107,2.57712741596489,2.57712741596489
Control-01,1177,60,308,174,2,4,208,213,375,246,270,226,365,246,-7,258,258,187,107,2.57712741596489,2.57712741596489
Control-01,1178,60,308,174,3,4,208,218,375,246,267,228,365,246,-7,258,258,187,107,2.57712741596489,2.57712741596489
Control-01,1179,58,308,174,3,4,208,218,375,246,267,228,365,246,-7,258,258,187,107,2.57712741596489,2.57712741596489
Control-01,1180,59,308,174,3,4,210,218,368,259,267,228,360,257,-7,258,258,187,107,2.57712741596489,2.57712741596489
Control-01,1181,60,308,174,3,4,208,218,368,259,267,231,360,257,-7,258,258,187,107,2.57712741596489,2.57712741596489
Control-01,1182,60,308,174,2,4,208,210,368,259,270,226,360,257,-7,258,258,187,107,2.57712741596489,2.57712741596489
Control-01,1183,58,308,174,2,1,215,184,339,184,277,215,337,197,-7,258,258,187,107,2.57712741596489,2.57712741596489
Control-01,1184,60,308,174,2,1,221,179,339,141,277,215,339,153,-7,258,258,187,107,2.57712741596489,2.57712741596489
Control-01,1185,55,308,174,2,1,223,171,334,135,280,213,334,192,-7,258,258,187,107,2.57712741596489,2.57712741596489
Control-01,1186,55,308,174,2,1,223,171,334,135,280,213,334,192,-7,258,258,187,107,2.57712741596489,2.57712741596489
Control-01,1187,56,308,174,2,1,226,169,326,135,282,210,331,164,-7,258,258,187,107,2.57712741596489,2.57712741596489
Control-01,1188,62,308,174,2,1,228,164,329,133,282,210,331,164,-7,258,258,187,107,2.57712741596489,2.57712741596489
Control-01,1189,61,308,174,2,1,215,182,337,130,277,215,334,192,-7,258,258,187,107,2.57712741596489,2.57712741596489
Control-01,1190,61,308,174,2,1,218,179,337,130,277,215,334,192,-7,258,258,187,107,2.57712741596489,2.57712741596489
Control-01,1191,59,308,174,2,1,213,187,352,141,275,218,350,156,-7,258,258,187,107,2.57712741596489,2.57712741596489
Control-01,1192,58,308,174,2,2,215,184,365,153,277,215,352,210,-7,258,258,187,107,2.57712741596489,2.57712741596489
Control-01,1193,59,308,174,2,2,221,177,370,171,277,215,352,210,-7,258,258,187,107,2.57712741596489,2.57712741596489
Control-01,1194,59,308,174,2,2,223,169,381,195,280,213,357,218,-7,258,258,187,107,2.57712741596489,2.57712741596489
Control-01,1195,57,308,174,2,3,228,164,386,210,282,210,360,221,-7,258,258,187,107,2.57712741596489,2.57712741596489
Control-01,1196,56,308,174,2,3,228,166,391,218,282,210,365,228,-7,258,258,187,107,2.57712741596489,2.57712741596489
Control-01,1197,58,308,174,2,3,226,169,393,228,282,210,368,236,-7,258,258,187,107,2.57712741596489,2.57712741596489
Control-01,1198,56,308,174,2,3,226,169,393,228,282,210,368,236,-7,258,258,187,107,2.57712741596489,2.57712741596489
Control-01,1199,57,308,174,2,3,223,174,393,205,280,213,360,221,-7,258,258,187,107,2.57712741596489,2.57712741596489
Control-01,1200,59,308,174,2,2,223,171,391,192,280,213,352,210,-7,258,258,187,107,2.57712741596489,2.57712741596489
Control-01,1201,56,308,174,2,2,226,169,375,171,282,210,350,208,-7,258,258,187,107,2.57712741596489,2.57712741596489
Control-01,1202,58,308,174,2,1,226,166,352,148,282,210,352,161,-7,258,258,187,107,2.57712741596489,2.57712741596489
Control-01,1203,60,308,174,2,1,223,171,350,138,280,213,339,197,-7,258,258,187,107,2.57712741596489,2.57712741596489
Control-01,1204,57,308,174,2,1,215,182,342,135,275,218,337,195,-7,258,258,187,107,2.57712741596489,2.57712741596489
Control-01,1205,57,308,174,2,1,213,192,337,133,275,218,334,190,-7,258,258,187,107,2.57712741596489,2.57712741596489
Control-01,1206,59,308,174,2,1,210,200,331,130,272,221,331,164,-7,258,258,187,107,2.57712741596489,2.57712741596489
Control-01,1207,57,308,174,2,1,210,205,329,133,272,223,329,164,-7,258,258,187,107,2.57712741596489,2.57712741596489
Control-01,1208,60,308,174,2,1,210,208,329,135,272,223,329,164,-7,258,258,187,107,2.57712741596489,2.57712741596489
Control-01,1209,57,308,174,2,1,210,210,334,143,270,226,337,153,-7,258,258,187,107,2.57712741596489,2.57712741596489
Control-01,1210,63,308,174,2,2,208,213,347,187,270,226,339,200,-7,258,258,187,107,2.57712741596489,2.57712741596489
Control-01,1211,60,308,174,2,2,210,213,350,195,272,226,352,210,-7,258,258,187,107,2.57712741596489,2.57712741596489
Control-01,1212,63,308,174,2,2,208,215,365,190,272,226,352,210,-7,258,258,187,107,2.57712741596489,2.57712741596489
Control-01,1213,59,308,174,2,3,208,215,378,215,272,226,360,221,-7,258,258,187,107,2.57712741596489,2.57712741596489
Control-01,1214,60,308,174,2,3,208,213,393,226,270,226,365,231,-7,258,258,187,107,2.57712741596489,2.57712741596489
Control-01,1215,61,308,174,2,3,210,202,396,233,272,221,368,236,-7,258,258,187,107,2.57712741596489,2.57712741596489
Control-01,1216,61,308,174,2,3,218,179,399,241,277,215,368,236,-7,258,258,187,107,2.57712741596489,2.57712741596489
Control-01,1217,59,308,174,2,3,223,171,399,244,280,213,368,236,-7,258,258,187,107,2.57712741596489,2.57712741596489
Control-01,1218,62,308,174,2,3,228,166,399,215,282,210,362,226,-7,258,258,187,107,2.57712741596489,2.57712741596489
Control-01,1219,60,308,174,2,2,221,182,391,171,275,215,365,197,-7,258,258,187,107,2.57712741596489,2.57712741596489
Control-01,1220,61,308,174,2,2,223,200,375,146,272,223,352,210,-7,258,258,187,107,2.57712741596489,2.57712741596489
Control-01,1221,58,308,174,3,2,226,218,362,135,270,228,342,202,-7,258,258,187,107,2.57712741596489,2.57712741596489
Control-01,1222,59,308,174,3,1,221,231,357,133,267,233,339,200,-7,258,258,187,107,2.57712741596489,2.57712741596489
Control-01,1223,59,308,174,3,1,221,244,360,133,267,239,339,197,-7,258,258,187,107,2.57712741596489,2.57712741596489
Control-01,1224,59,308,174,3,1,221,244,360,133,267,239,339,197,-7,258,258,187,107,2.57712741596489,2.57712741596489
Control-01,1225,59,308,174,3,2,223,254,370,146,267,244,347,187,-7,258,258,187,107,2.57712741596489,2.57712741596489
Control-01,1226,57,308,174,3,2,231,259,404,177,267,246,352,210,-7,258,258,187,107,2.57712741596489,2.57712741596489
Control-01,1227,58,308,174,3,2,231,259,411,184,267,239,352,210,-7,258,258,187,107,2.57712741596489,2.57712741596489
Control-01,1228,60,308,174,3,3,233,215,417,195,272,226,360,221,-7,258,258,187,107,2.57712741596489,2.57712741596489
Control-01,1229,59,308,174,2,3,241,200,417,195,277,215,360,218,-7,258,258,187,107,2.57712741596489,2.57712741596489
Control-01,1230,59,308,174,2,2,241,174,411,182,280,210,352,210,-7,258,258,187,107,2.57712741596489,2.57712741596489
Control-01,1231,61,308,174,2,2,259,174,375,190,282,208,352,210,-7,258,258,187,107,2.57712741596489,2.57712741596489
Control-01,1232,62,308,174,2,2,251,164,370,166,282,208,344,205,-7,258,258,187,107,2.57712741596489,2.57712741596489
Control-01,1233,61,308,174,2,1,246,190,365,133,280,213,339,200,-7,258,258,187,107,2.57712741596489,2.57712741596489
Control-01,1234,59,308,174,2,1,239,205,352,130,272,221,337,197,-7,258,258,187,107,2.57712741596489,2.57712741596489
Control-01,1235,60,308,174,3,1,231,223,347,130,270,228,337,197,-7,258,258,187,107,2.57712741596489,2.57712741596489
Control-01,1236,60,308,174,3,2,228,231,357,151,270,231,342,202,-7,258,258,187,107,2.57712741596489,2.57712741596489
Control-01,1237,60,308,174,3,2,228,233,362,174,267,233,352,210,-7,258,258,187,107,2.57712741596489,2.57712741596489
Control-01,1238,64,308,174,3,2,231,221,370,184,270,231,352,210,-7,258,258,187,107,2.57712741596489,2.57712741596489
Control-01,1239,62,308,174,2,2,231,195,386,187,275,218,352,210,-7,258,258,187,107,2.57712741596489,2.57712741596489
Control-01,1240,61,308,174,2,2,233,171,391,187,280,213,352,210,-7,258,258,187,107,2.57712741596489,2.57712741596489
Control-01,1241,61,308,174,2,3,239,166,401,195,280,210,360,221,-7,258,258,187,107,2.57712741596489,2.57712741596489
Control-01,1242,60,308,174,2,3,246,184,409,202,280,213,360,221,-7,258,258,187,107,2.57712741596489,2.57712741596489
Control-01,1243,62,308,174,2,3,226,208,411,202,272,223,362,223,-7,258,258,187,107,2.57712741596489,2.57712741596489
Control-01,1244,61,308,174,3,2,218,226,396,169,270,231,352,210,-7,258,258,187,107,2.57712741596489,2.57712741596489
Control-01,1245,60,308,174,3,2,215,244,396,169,267,239,352,210,-7,258,258,187,107,2.57712741596489,2.57712741596489
Control-01,1246,61,308,174,3,1,215,251,355,135,267,241,339,200,-7,258,258,187,107,2.57712741596489,2.57712741596489
Control-01,1247,62,308,174,3,1,213,254,344,130,267,241,337,197,-7,258,258,187,107,2.57712741596489,2.57712741596489
Control-01,1248,62,308,174,3,1,213,254,344,130,267,241,337,197,-7,258,258,187,107,2.57712741596489,2.57712741596489
Control-01,1249,62,308,174,3,1,208,215,334,133,270,228,331,164,-7,258,258,187,107,2.57712741596489,2.57712741596489
Control-01,1250,60,308,174,2,1,215,190,334,133,272,223,331,164,-7,258,258,187,107,2.57712741596489,2.57712741596489
Control-01,1251,60,308,174,2,1,218,177,334,133,280,213,331,164,-7,258,258,187,107,2.57712741596489,2.57712741596489
Control-01,1252,59,308,174,2,1,226,166,331,133,282,210,331,164,-7,258,258,187,107,2.57712741596489,2.57712741596489
Control-01,1253,59,308,174,2,1,228,164,329,133,282,210,329,164,-7,258,258,187,107,2.57712741596489,2.57712741596489
Control-01,1254,59,308,174,2,1,228,164,329,133,282,210,329,164,-7,258,258,187,107,2.57712741596489,2.57712741596489
Control-01,1255,62,308,174,2,1,223,169,329,133,280,213,329,164,-7,258,258,187,107,2.57712741596489,2.57712741596489
Control-01,1256,60,308,174,2,1,218,177,339,182,277,215,334,190,-7,258,258,187,107,2.57712741596489,2.57712741596489
Control-01,1257,62,308,174,2,2,210,192,355,161,275,218,342,202,-7,258,258,187,107,2.57712741596489,2.57712741596489
Control-01,1258,60,308,174,2,2,208,202,360,169,272,223,352,210,-7,258,258,187,107,2.57712741596489,2.57712741596489
Control-01,1259,60,308,174,2,2,208,210,381,182,270,226,352,210,-7,258,258,187,107,2.57712741596489,2.57712741596489
Control-01,1260,60,308,174,3,2,210,226,393,195,270,231,352,210,-7,258,258,187,107,2.57712741596489,2.57712741596489
Control-01,1261,60,308,174,3,3,223,254,411,202,267,241,362,223,-7,258,258,187,107,2.57712741596489,2.57712741596489
Control-01,1262,61,308,174,3,3,223,239,414,202,267,236,362,223,-7,258,258,187,107,2.57712741596489,2.57712741596489
Control-01,1263,56,308,174,2,2,226,210,404,169,272,226,352,210,-7,258,258,187,107,2.57712741596489,2.57712741596489
Control-01,1264,57,308,174,2,2,239,200,388,151,277,215,352,210,-7,258,258,187,107,2.57712741596489,2.57712741596489
Control-01,1265,57,308,174,2,2,239,164,378,141,282,210,344,205,-7,258,258,187,107,2.57712741596489,2.57712741596489
Control-01,1266,57,308,174,2,2,244,161,368,135,282,208,342,202,-7,258,258,187,107,2.57712741596489,2.57712741596489
Control-01,1267,58,308,174,2,1,249,164,362,133,285,205,339,200,-7,258,258,187,107,2.57712741596489,2.57712741596489
Control-01,1268,60,308,174,2,2,246,169,365,133,282,210,339,200,-7,258,258,187,107,2.57712741596489,2.57712741596489
Control-01,1269,59,308,174,2,2,244,195,365,133,277,215,339,200,-7,258,258,187,107,2.57712741596489,2.57712741596489
Control-01,1270,59,308,174,2,1,246,210,362,133,272,221,339,200,-7,258,258,187,107,2.57712741596489,2.57712741596489
Control-01,1271,61,308,174,2,1,246,190,360,130,280,213,339,200,-7,258,258,187,107,2.57712741596489,2.57712741596489
Control-01,1272,55,308,174,2,1,241,164,357,130,282,210,339,200,-7,258,258,187,107,2.57712741596489,2.57712741596489
Control-01,1273,59,308,174,2,1,259,174,347,130,282,208,337,197,-7,258,258,187,107,2.57712741596489,2.57712741596489
Control-01,1274,57,308,174,2,1,241,153,344,130,282,208,334,192,-7,258,258,187,107,2.57712741596489,2.57712741596489
Control-01,1275,57,308,174,2,1,236,153,352,135,282,208,337,195,-7,258,258,187,107,2.57712741596489,2.57712741596489
Control-01,1276,58,308,174,2,2,244,184,357,146,280,213,342,202,-7,258,258,187,107,2.57712741596489,2.57712741596489
Control-01,1277,59,308,174,2,2,218,184,360,169,277,215,344,205,-7,258,258,187,107,2.57712741596489,2.57712741596489
Control-01,1278,58,308,174,2,2,218,184,365,171,277,215,352,210,-7,258,258,187,107,2.57712741596489,2.57712741596489
Control-01,1279,57,308,174,2,2,228,164,352,166,280,210,339,200,-7,258,258,187,107,2.57712741596489,2.57712741596489
Control-01,1280,60,308,174,2,1,236,153,352,133,282,208,337,195,-7,258,258,187,107,2.57712741596489,2.57712741596489
Control-01,1281,57,308,174,2,1,239,153,347,130,285,205,337,197,-7,258,258,187,107,2.57712741596489,2.57712741596489
Control-01,1282,61,308,174,2,1,241,151,342,130,282,205,334,192,-7,258,258,187,107,2.57712741596489,2.57712741596489
Control-01,1283,59,308,174,2,1,241,151,339,130,282,205,334,192,-7,258,258,187,107,2.57712741596489,2.57712741596489
Control-01,1284,60,308,174,2,1,231,161,337,133,282,208,334,192,-7,258,258,187,107,2.57712741596489,2.57712741596489
Control-01,1285,56,308,174,2,1,221,174,334,133,280,213,334,169,-7,258,258,187,107,2.57712741596489,2.57712741596489
Control-01,1286,57,308,174,2,1,215,182,334,133,277,215,334,166,-7,258,258,187,107,2.57712741596489,2.57712741596489
Control-01,1287,58,308,174,2,1,213,192,334,133,275,218,331,164,-7,258,258,187,107,2.57712741596489,2.57712741596489
Control-01,1288,60,308,174,2,1,213,195,342,130,272,221,334,192,-7,258,258,187,107,2.57712741596489,2.57712741596489
Control-01,1289,58,308,174,2,2,210,197,355,164,272,221,342,202,-7,258,258,187,107,2.57712741596489,2.57712741596489
Control-01,1290,59,308,174,2,2,213,200,360,169,272,221,344,205,-7,258,258,187,107,2.57712741596489,2.57712741596489
Control-01,1291,59,308,174,2,2,213,200,360,169,272,221,344,205,-7,258,258,187,107,2.57712741596489,2.57712741596489
Control-01,1292,60,308,174,2,2,213,200,362,169,272,221,352,210,-7,258,258,187,107,2.57712741596489,2.57712741596489
Control-01,1293,59,308,174,3,1,226,221,362,143,270,228,342,200,-7,258,258,187,107,2.57712741596489,2.57712741596489
Control-01,1294,59,308,174,3,1,226,221,362,143,270,228,342,202,-7,258,258,187,107,2.57712741596489,2.57712741596489
Control-01,1295,57,308,174,3,1,226,231,357,135,270,231,339,197,-7,258,258,187,107,2.57712741596489,2.57712741596489
Control-01,1296,60,308,174,2,1,226,182,352,133,277,215,337,195,-7,258,258,187,107,2.57712741596489,2.57712741596489
Control-01,1297,59,308,174,2,1,228,171,352,133,280,213,337,195,-7,258,258,187,107,2.57712741596489,2.57712741596489
Control-01,1298,59,308,174,2,1,231,164,350,130,280,210,337,197,-7,258,258,187,107,2.57712741596489,2.57712741596489
Control-01,1299,61,308,174,2,1,231,164,350,130,282,210,337,195,-7,258,258,187,107,2.57712741596489,2.57712741596489
Control-01,1300,59,308,174,2,1,223,171,355,135,280,213,339,197,-7,258,258,187,107,2.57712741596489,2.57712741596489
Control-01,1301,58,308,174,2,2,215,187,362,174,277,215,342,202,-7,258,258,187,107,2.57712741596489,2.57712741596489
Control-01,1302,59,308,174,2,2,215,192,368,179,275,218,352,210,-7,258,258,187,107,2.57712741596489,2.57712741596489
Control-01,1303,59,308,174,2,2,215,184,370,197,275,215,352,210,-7,258,258,187,107,2.57712741596489,2.57712741596489
Control-01,1304,57,308,174,2,2,223,169,368,208,280,213,352,210,-7,258,258,187,107,2.57712741596489,2.57712741596489
Control-01,1305,58,308,174,2,2,228,161,362,179,282,210,352,210,-7,258,258,187,107,2.57712741596489,2.57712741596489
Control-01,1306,59,308,174,2,2,233,156,355,151,282,210,339,200,-7,258,258,187,107,2.57712741596489,2.57712741596489
Control-01,1307,59,308,174,2,2,233,156,355,151,282,210,342,202,-7,258,258,187,107,2.57712741596489,2.57712741596489
Control-01,1308,56,308,174,2,1,228,161,352,133,280,210,342,174,-7,258,258,187,107,2.57712741596489,2.57712741596489
Control-01,1309,56,308,174,2,1,221,171,350,133,280,213,339,197,-7,258,258,187,107,2.57712741596489,2.57712741596489
Control-01,1310,57,308,174,2,1,215,179,344,133,277,215,337,195,-7,258,258,187,107,2.57712741596489,2.57712741596489
Control-01,1311,56,308,174,2,1,213,190,342,133,275,218,334,192,-7,258,258,187,107,2.57712741596489,2.57712741596489
Control-01,1312,57,308,174,2,1,213,195,342,133,272,221,334,192,-7,258,258,187,107,2.57712741596489,2.57712741596489
Control-01,1313,57,308,174,2,1,210,202,347,130,272,223,337,195,-7,258,258,187,107,2.57712741596489,2.57712741596489
Control-01,1314,59,308,174,2,1,208,210,355,133,270,226,339,200,-7,258,258,187,107,2.57712741596489,2.57712741596489
Control-01,1315,57,308,174,3,2,208,221,365,141,270,228,344,187,-7,258,258,187,107,2.57712741596489,2.57712741596489
Control-01,1316,56,308,174,3,2,210,231,370,166,270,231,352,210,-7,258,258,187,107,2.57712741596489,2.57712741596489
Control-01,1317,58,308,174,3,2,210,218,386,161,270,231,352,210,-7,258,258,187,107,2.57712741596489,2.57712741596489
Control-01,1318,56,308,174,2,2,218,195,396,169,272,223,352,210,-7,258,258,187,107,2.57712741596489,2.57712741596489
Control-01,1319,57,308,174,2,2,244,187,404,177,277,215,352,210,-7,258,258,187,107,2.57712741596489,2.57712741596489
Control-01,1320,55,308,174,2,2,228,166,409,190,282,210,357,218,-7,258,258,187,107,2.57712741596489,2.57712741596489
Control-01,1321,60,308,174,2,2,223,169,399,174,280,213,352,210,-7,258,258,187,107,2.57712741596489,2.57712741596489
Control-01,1322,61,308,174,2,2,215,184,362,187,275,218,352,210,-7,258,258,187,107,2.57712741596489,2.57712741596489
Control-01,1323,59,308,174,2,2,210,197,352,192,272,221,352,210,-7,258,258,187,107,2.57712741596489,2.57712741596489
Control-01,1324,60,308,174,2,1,208,208,360,138,272,223,342,192,-7,258,258,187,107,2.57712741596489,2.57712741596489
Control-01,1325,58,308,174,3,1,208,218,352,133,251,223,339,190,-7,258,258,187,107,2.57712741596489,2.57712741596489
Control-01,1326,60,308,174,3,1,208,221,344,133,270,228,334,195,-7,258,258,187,107,2.57712741596489,2.57712741596489
Control-01,1327,58,308,174,3,1,210,218,339,133,270,228,334,192,-7,258,258,187,107,2.57712741596489,2.57712741596489
Control-01,1328,58,308,174,2,1,208,205,337,130,272,223,334,192,-7,258,258,187,107,2.57712741596489,2.57712741596489
Control-01,1329,57,308,174,2,1,215,187,339,130,275,218,334,192,-7,258,258,187,107,2.57712741596489,2.57712741596489
Control-01,1330,58,308,174,2,1,221,174,344,133,277,215,334,192,-7,258,258,187,107,2.57712741596489,2.57712741596489
Control-01,1331,59,308,174,2,1,223,171,357,146,280,213,347,174,-7,258,258,187,107,2.57712741596489,2.57712741596489
Control-01,1332,60,308,174,2,2,223,171,362,169,280,213,344,205,-7,258,258,187,107,2.57712741596489,2.57712741596489
Control-01,1333,58,308,174,2,2,215,182,381,195,277,215,373,202,-7,258,258,187,107,2.57712741596489,2.57712741596489
Control-01,1334,58,308,174,2,3,213,190,388,218,275,218,360,221,-7,258,258,187,107,2.57712741596489,2.57712741596489
Control-01,1335,58,308,174,2,3,213,190,388,218,275,218,360,221,-7,258,258,187,107,2.57712741596489,2.57712741596489
Control-01,1336,56,308,174,2,3,213,195,391,223,272,221,365,231,-7,258,258,187,107,2.57712741596489,2.57712741596489
Control-01,1337,57,308,174,2,3,210,200,391,226,272,221,365,231,-7,258,258,187,107,2.57712741596489,2.57712741596489
Control-01,1338,56,308,174,2,2,210,205,368,184,272,223,365,197,-7,258,258,187,107,2.57712741596489,2.57712741596489
Control-01,1339,56,308,174,2,2,208,210,360,171,270,226,344,205,-7,258,258,187,107,2.57712741596489,2.57712741596489
Control-01,1340,57,308,174,2,2,205,215,347,174,272,226,339,200,-7,258,258,187,107,2.57712741596489,2.57712741596489
Control-01,1341,58,308,174,3,1,208,218,347,138,270,228,344,153,-7,258,258,187,107,2.57712741596489,2.57712741596489
Control-01,1342,56,308,174,3,1,208,221,339,133,270,228,334,153,-7,258,258,187,107,2.57712741596489,2.57712741596489
Control-01,1343,57,308,174,3,1,208,226,334,133,236,228,331,164,-7,258,258,187,107,2.57712741596489,2.57712741596489
Control-01,1344,57,308,174,3,1,208,228,329,135,267,231,329,164,-7,258,258,187,107,2.57712741596489,2.57712741596489
Control-01,1345,55,308,174,3,1,208,228,329,135,264,231,331,164,-7,258,258,187,107,2.57712741596489,2.57712741596489
Control-01,1346,56,308,174,3,1,208,228,329,135,267,233,331,164,-7,258,258,187,107,2.57712741596489,2.57712741596489
Control-01,1347,59,308,174,3,2,208,231,350,174,267,233,342,200,-7,258,258,187,107,2.57712741596489,2.57712741596489
Control-01,1348,59,308,174,3,2,208,231,350,174,267,233,342,200,-7,258,258,187,107,2.57712741596489,2.57712741596489
Control-01,1349,54,308,174,3,2,208,233,368,202,267,233,352,210,-7,258,258,187,107,2.57712741596489,2.57712741596489
Control-01,1350,60,308,174,3,3,208,233,373,213,267,233,360,221,-7,258,258,187,107,2.57712741596489,2.57712741596489
Control-01,1351,58,308,174,3,3,205,228,378,221,267,231,362,223,-7,258,258,187,107,2.57712741596489,2.57712741596489
Control-01,1352,61,308,174,2,3,208,215,378,223,272,226,365,228,-7,258,258,187,107,2.57712741596489,2.57712741596489
Control-01,1353,58,308,174,2,3,210,192,388,228,272,221,368,236,-7,258,258,187,107,2.57712741596489,2.57712741596489
Control-01,1354,57,308,174,2,3,218,179,388,208,277,215,362,221,-7,258,258,187,107,2.57712741596489,2.57712741596489
Control-01,1355,56,308,174,2,2,223,171,381,187,280,213,352,210,-7,258,258,187,107,2.57712741596489,2.57712741596489
Control-01,1356,58,308,174,2,2,223,171,365,171,280,213,352,210,-7,258,258,187,107,2.57712741596489,2.57712741596489
Control-01,1357,54,308,174,2,2,218,177,355,166,277,215,350,177,-7,258,258,187,107,2.57712741596489,2.57712741596489
Control-01,1358,54,308,174,2,2,218,177,344,190,277,215,342,202,-7,258,258,187,107,2.57712741596489,2.57712741596489
Control-01,1359,56,308,174,2,1,210,197,344,130,272,221,334,195,-7,258,258,187,107,2.57712741596489,2.57712741596489
Control-01,1360,58,308,174,2,1,208,202,339,130,272,223,334,187,-7,258,258,187,107,2.57712741596489,2.57712741596489
Control-01,1361,57,308,174,2,1,208,208,337,133,272,223,334,153,-7,258,258,187,107,2.57712741596489,2.57712741596489
Control-01,1362,56,308,174,2,1,208,213,339,138,270,226,339,148,-7,258,258,187,107,2.57712741596489,2.57712741596489
Control-01,1363,57,308,174,2,2,208,213,347,182,272,226,342,200,-7,258,258,187,107,2.57712741596489,2.57712741596489
Control-01,1364,57,308,174,2,2,210,215,355,184,272,226,344,205,-7,258,258,187,107,2.57712741596489,2.57712741596489
Control-01,1365,57,308,174,2,2,210,215,355,184,272,226,344,205,-7,258,258,187,107,2.57712741596489,2.57712741596489
Control-01,1366,57,308,174,2,2,208,215,342,187,272,226,339,197,-7,258,258,187,107,2.57712741596489,2.57712741596489
Control-01,1367,56,308,174,2,1,208,213,337,143,272,226,337,148,-7,258,258,187,107,2.57712741596489,2.57712741596489
Control-01,1368,60,308,174,2,1,208,208,331,133,272,223,331,164,-7,258,258,187,107,2.57712741596489,2.57712741596489
Control-01,1369,61,308,174,2,1,208,210,329,133,270,226,329,164,-7,258,258,187,107,2.57712741596489,2.57712741596489
Control-01,1370,61,308,174,2,1,208,210,329,133,270,226,329,164,-7,258,258,187,107,2.57712741596489,2.57712741596489
Control-01,1371,56,308,174,3,1,208,218,337,135,270,228,337,148,-7,258,258,187,107,2.57712741596489,2.57712741596489
Control-01,1372,59,308,174,3,2,210,233,347,187,267,236,342,202,-7,258,258,187,107,2.57712741596489,2.57712741596489
Control-01,1373,61,308,174,3,2,215,249,355,190,267,239,352,210,-7,258,258,187,107,2.57712741596489,2.57712741596489
Control-01,1374,59,308,174,3,2,218,257,386,179,267,244,352,210,-7,258,258,187,107,2.57712741596489,2.57712741596489
Control-01,1375,57,308,174,3,2,223,264,401,192,267,249,357,218,-7,258,258,187,107,2.57712741596489,2.57712741596489
Control-01,1376,58,308,174,3,3,223,264,411,200,267,249,362,223,-7,258,258,187,107,2.57712741596489,2.57712741596489
Control-01,1377,55,308,174,3,3,226,264,417,208,267,244,362,226,-7,258,258,187,107,2.57712741596489,2.57712741596489
Control-01,1378,59,308,174,3,3,223,233,419,215,270,231,365,228,-7,258,258,187,107,2.57712741596489,2.57712741596489
Control-01,1379,59,308,174,2,3,231,208,419,215,272,223,362,226,-7,258,258,187,107,2.57712741596489,2.57712741596489
Control-01,1380,58,308,174,2,3,241,192,417,190,280,213,360,218,-7,258,258,187,107,2.57712741596489,2.57712741596489
Control-01,1381,57,308,174,2,2,241,174,414,182,282,210,360,215,-7,258,258,187,107,2.57712741596489,2.57712741596489
Control-01,1382,56,308,174,2,2,239,174,411,179,282,210,360,215,-7,258,258,187,107,2.57712741596489,2.57712741596489
Control-01,1383,55,308,174,2,3,236,200,419,195,277,215,360,221,-7,258,258,187,107,2.57712741596489,2.57712741596489
Control-01,1384,57,308,174,3,3,226,218,422,202,272,226,362,223,-7,258,258,187,107,2.57712741596489,2.57712741596489
Control-01,1385,57,308,174,3,3,226,244,422,215,267,236,365,228,-7,258,258,187,107,2.57712741596489,2.57712741596489
Control-01,1386,57,308,174,3,3,226,259,422,218,267,244,365,228,-7,258,258,187,107,2.57712741596489,2.57712741596489
Control-01,1387,57,308,174,3,3,228,267,422,223,267,249,365,231,-7,258,258,187,107,2.57712741596489,2.57712741596489
Control-01,1388,57,308,174,3,3,231,272,419,233,270,254,368,236,-7,258,258,187,107,2.57712741596489,2.57712741596489
Control-01,1389,56,308,174,3,3,233,272,411,244,270,254,368,236,-7,258,258,187,107,2.57712741596489,2.57712741596489
Control-01,1390,58,308,174,3,3,228,264,406,221,267,244,365,231,-7,258,258,187,107,2.57712741596489,2.57712741596489
Control-01,1391,56,308,174,3,3,226,223,375,213,270,231,357,218,-7,258,258,187,107,2.57712741596489,2.57712741596489
Control-01,1392,58,308,174,2,2,228,192,375,164,275,218,350,208,-7,258,258,187,107,2.57712741596489,2.57712741596489
Control-01,1393,57,308,174,2,2,233,177,347,195,280,213,344,205,-7,258,258,187,107,2.57712741596489,2.57712741596489
Control-01,1394,57,308,174,2,1,241,187,362,138,280,213,339,200,-7,258,258,187,107,2.57712741596489,2.57712741596489
Control-01,1395,59,308,174,2,1,233,215,357,135,272,223,339,200,-7,258,258,187,107,2.57712741596489,2.57712741596489
Control-01,1396,58,308,174,3,1,228,233,357,135,267,236,339,200,-7,258,258,187,107,2.57712741596489,2.57712741596489
Control-01,1397,59,308,174,3,1,223,257,344,161,267,241,344,166,-7,258,258,187,107,2.57712741596489,2.57712741596489
Control-01,1398,61,308,174,3,1,223,267,342,182,267,249,339,200,-7,258,258,187,107,2.57712741596489,2.57712741596489
Control-01,1399,58,308,174,3,2,223,270,355,171,267,249,344,202,-7,258,258,187,107,2.57712741596489,2.57712741596489
Control-01,1400,58,308,174,3,2,213,254,344,182,267,241,339,197,-7,258,258,187,107,2.57712741596489,2.57712741596489
Control-01,1401,56,308,174,3,1,208,236,337,143,267,233,339,151,-7,258,258,187,107,2.57712741596489,2.57712741596489
Control-01,1402,56,308,174,2,1,210,202,331,135,272,223,331,148,-7,258,258,187,107,2.57712741596489,2.57712741596489
Control-01,1403,57,308,174,2,1,215,184,331,133,275,218,331,164,-7,258,258,187,107,2.57712741596489,2.57712741596489
Control-01,1404,56,308,174,2,1,218,177,329,133,280,213,329,164,-7,258,258,187,107,2.57712741596489,2.57712741596489
Control-01,1405,57,308,174,2,1,223,174,331,138,280,213,329,146,-7,258,258,187,107,2.57712741596489,2.57712741596489
Control-01,1406,58,308,174,2,2,221,174,339,187,280,213,339,200,-7,258,258,187,107,2.57712741596489,2.57712741596489
Control-01,1407,58,308,174,2,2,223,171,339,187,280,213,339,200,-7,258,258,187,107,2.57712741596489,2.57712741596489
Control-01,1408,57,308,174,2,2,223,174,365,184,280,213,352,210,-7,258,258,187,107,2.57712741596489,2.57712741596489
Control-01,1409,57,308,174,2,2,215,182,383,205,277,215,357,218,-7,258,258,187,107,2.57712741596489,2.57712741596489
Control-01,1410,60,308,174,2,3,210,195,393,215,275,218,362,223,-7,258,258,187,107,2.57712741596489,2.57712741596489
Control-01,1411,57,308,174,2,3,210,205,406,228,272,223,368,236,-7,258,258,187,107,2.57712741596489,2.57712741596489
Control-01,1412,59,308,174,2,3,210,197,411,233,272,221,368,236,-7,258,258,187,107,2.57712741596489,2.57712741596489
Control-01,1413,56,308,174,2,3,215,184,414,233,275,218,368,236,-7,258,258,187,107,2.57712741596489,2.57712741596489
Control-01,1414,56,308,174,2,3,218,179,419,231,280,213,368,236,-7,258,258,187,107,2.57712741596489,2.57712741596489
Control-01,1415,56,308,174,2,3,226,169,422,223,280,213,365,231,-7,258,258,187,107,2.57712741596489,2.57712741596489
Control-01,1416,58,308,174,2,3,231,161,422,218,282,210,365,228,-7,258,258,187,107,2.57712741596489,2.57712741596489
Control-01,1417,55,308,174,2,3,228,169,419,215,280,213,365,228,-7,258,258,187,107,2.57712741596489,2.57712741596489
Control-01,1418,51,308,174,2,3,218,179,422,218,277,215,365,228,-7,258,258,187,107,2.57712741596489,2.57712741596489
Control-01,1419,52,308,174,2,3,213,190,422,223,275,218,365,231,-7,258,258,187,107,2.57712741596489,2.57712741596489
Control-01,1420,54,308,174,2,3,210,197,422,231,272,221,368,236,-7,258,258,187,107,2.57712741596489,2.57712741596489
Control-01,1421,55,308,174,2,3,213,200,419,241,272,221,368,236,-7,258,258,187,107,2.57712741596489,2.57712741596489
Control-01,1422,53,308,174,2,3,210,202,419,244,272,223,368,236,-7,258,258,187,107,2.57712741596489,2.57712741596489
Control-01,1423,57,308,174,2,3,213,202,419,244,272,223,368,236,-7,258,258,187,107,2.57712741596489,2.57712741596489
Control-01,1424,56,308,174,2,3,213,202,419,246,272,223,368,236,-7,258,258,187,107,2.57712741596489,2.57712741596489
Control-01,1425,54,308,174,2,3,213,202,419,246,272,223,368,236,-7,258,258,187,107,2.57712741596489,2.57712741596489
Control-01,1426,54,308,174,2,3,210,205,417,249,272,223,368,236,-7,258,258,187,107,2.57712741596489,2.57712741596489
Control-01,1427,58,308,174,2,3,210,208,419,251,270,226,365,244,-7,258,258,187,107,2.57712741596489,2.57712741596489
Control-01,1428,58,308,174,2,4,210,210,417,257,272,226,365,246,-7,258,258,187,107,2.57712741596489,2.57712741596489
Control-01,1429,57,308,174,2,4,210,213,417,259,272,226,365,246,-7,258,258,187,107,2.57712741596489,2.57712741596489
Control-01,1430,58,308,174,2,4,208,215,414,262,270,228,365,246,-7,258,258,187,107,2.57712741596489,2.57712741596489
Control-01,1431,58,308,174,3,4,208,215,414,262,270,228,365,246,-7,258,258,187,107,2.57712741596489,2.57712741596489
Control-01,1432,58,308,174,3,4,208,218,414,264,270,228,362,249,-7,258,258,187,107,2.57712741596489,2.57712741596489
Control-01,1433,58,308,174,3,4,208,218,414,264,270,228,362,249,-7,258,258,187,107,2.57712741596489,2.57712741596489
Control-01,1434,59,308,174,3,4,208,218,414,267,270,228,362,249,-7,258,258,187,107,2.57712741596489,2.57712741596489
Control-01,1435,58,308,174,3,4,208,218,414,264,270,228,362,249,-7,258,258,187,107,2.57712741596489,2.57712741596489
Control-01,1436,58,308,174,3,4,208,218,414,264,270,228,362,249,-7,258,258,187,107,2.57712741596489,2.57712741596489
Control-01,1437,60,308,174,3,4,210,218,411,267,270,228,365,249,-7,258,258,187,107,2.57712741596489,2.57712741596489
Control-01,1438,60,308,174,3,4,210,218,411,267,270,228,365,249,-7,258,258,187,107,2.57712741596489,2.57712741596489
Control-01,1439,59,308,174,3,4,210,218,411,270,267,228,362,251,-7,258,258,187,107,2.57712741596489,2.57712741596489
Control-01,1440,56,308,174,3,4,208,218,411,270,267,228,362,251,-7,258,258,187,107,2.57712741596489,2.57712741596489
Control-01,1441,56,308,174,3,4,208,218,411,270,270,228,362,251,-7,258,258,187,107,2.57712741596489,2.57712741596489
Control-01,1442,57,308,174,3,4,208,218,409,272,267,228,362,251,-7,258,258,187,107,2.57712741596489,2.57712741596489
Control-01,1443,57,308,174,3,4,208,218,411,272,267,228,362,251,-7,258,258,187,107,2.57712741596489,2.57712741596489
Control-01,1444,57,308,174,3,4,208,218,409,272,267,228,362,254,-7,258,258,187,107,2.57712741596489,2.57712741596489
Control-01,1445,56,308,174,3,4,210,218,409,272,262,228,362,254,-7,258,258,187,107,2.57712741596489,2.57712741596489
Control-01,1446,54,308,174,3,4,210,218,406,272,267,228,362,251,-7,258,258,187,107,2.57712741596489,2.57712741596489
Control-01,1447,57,308,174,3,4,210,221,404,264,231,226,362,251,-7,258,258,187,107,2.57712741596489,2.57712741596489
Control-01,1448,57,308,174,3,4,210,221,404,264,231,226,362,251,-7,258,258,187,107,2.57712741596489,2.57712741596489
Control-01,1449,57,308,174,3,4,226,223,404,264,231,226,362,251,-7,258,258,187,107,2.57712741596489,2.57712741596489
Control-01,1450,57,308,174,3,4,218,221,401,270,262,226,362,254,-7,258,258,187,107,2.57712741596489,2.57712741596489
Control-01,1451,58,308,174,3,4,210,215,404,267,233,223,362,251,-7,258,258,187,107,2.57712741596489,2.57712741596489
Control-01,1452,56,308,174,3,4,210,213,401,272,267,228,362,254,-7,258,258,187,107,2.57712741596489,2.57712741596489
Control-01,1453,55,308,174,2,4,210,210,399,282,270,226,360,259,-7,258,258,187,107,2.57712741596489,2.57712741596489
Control-01,1454,57,308,174,2,4,213,205,399,280,270,226,357,259,-7,258,258,187,107,2.57712741596489,2.57712741596489
Control-01,1455,57,308,174,2,4,213,200,399,282,272,223,357,262,-7,258,258,187,107,2.57712741596489,2.57712741596489
Control-01,1456,58,308,174,2,4,215,197,399,282,272,223,357,262,-7,258,258,187,107,2.57712741596489,2.57712741596489
Control-01,1457,58,308,174,2,4,213,200,399,282,272,223,357,262,-7,258,258,187,107,2.57712741596489,2.57712741596489
Control-01,1458,56,308,174,2,4,213,205,401,277,270,226,360,257,-7,258,258,187,107,2.57712741596489,2.57712741596489
Control-01,1459,56,308,174,2,4,210,210,404,270,270,226,360,254,-7,258,258,187,107,2.57712741596489,2.57712741596489
Control-01,1460,57,308,174,2,4,210,213,401,257,267,226,365,244,-7,258,258,187,107,2.57712741596489,2.57712741596489
Control-01,1461,60,308,174,2,3,210,213,393,221,259,223,365,231,-7,258,258,187,107,2.57712741596489,2.57712741596489
Control-01,1462,59,308,174,2,3,210,213,383,208,257,223,362,223,-7,258,258,187,107,2.57712741596489,2.57712741596489
Control-01,1463,58,308,174,2,2,210,213,368,200,257,223,357,218,-7,258,258,187,107,2.57712741596489,2.57712741596489
Control-01,1464,56,308,174,2,2,210,213,362,187,257,223,352,210,-7,258,258,187,107,2.57712741596489,2.57712741596489
Control-01,1465,58,308,174,2,2,213,213,352,195,251,223,352,210,-7,258,258,187,107,2.57712741596489,2.57712741596489
Control-01,1466,56,308,174,3,2,213,215,350,177,246,223,347,195,-7,258,258,187,107,2.57712741596489,2.57712741596489
Control-01,1467,57,308,174,3,2,226,221,352,195,270,228,350,208,-7,258,258,187,107,2.57712741596489,2.57712741596489
Control-01,1468,56,308,174,3,3,210,218,373,218,246,226,357,218,-7,258,258,187,107,2.57712741596489,2.57712741596489
Control-01,1469,58,308,174,3,3,213,221,386,221,233,226,365,231,-7,258,258,187,107,2.57712741596489,2.57712741596489
Control-01,1470,61,308,174,3,3,210,221,401,239,249,228,368,236,-7,258,258,187,107,2.57712741596489,2.57712741596489
Control-01,1471,58,308,174,3,3,210,221,406,246,246,228,365,246,-7,258,258,187,107,2.57712741596489,2.57712741596489
Control-01,1472,58,308,174,3,4,210,223,406,262,246,228,362,249,-7,258,258,187,107,2.57712741596489,2.57712741596489
Control-01,1473,56,308,174,3,4,210,221,406,267,246,228,362,251,-7,258,258,187,107,2.57712741596489,2.57712741596489
Control-01,1474,57,308,174,3,4,208,223,406,270,267,231,362,251,-7,258,258,187,107,2.57712741596489,2.57712741596489
Control-01,1475,58,308,174,3,4,208,226,406,275,264,231,362,254,-7,258,258,187,107,2.57712741596489,2.57712741596489
Control-01,1476,58,308,174,3,4,208,228,406,277,264,233,360,257,-7,258,258,187,107,2.57712741596489,2.57712741596489
Control-01,1477,58,308,174,3,4,208,233,404,277,267,233,360,257,-7,258,258,187,107,2.57712741596489,2.57712741596489
Control-01,1478,60,308,174,3,4,208,239,406,277,264,236,360,257,-7,258,258,187,107,2.57712741596489,2.57712741596489
Control-01,1479,58,308,174,3,4,208,241,406,277,267,236,360,257,-7,258,258,187,107,2.57712741596489,2.57712741596489
Control-01,1480,58,308,174,3,4,208,246,404,280,264,236,360,257,-7,258,258,187,107,2.57712741596489,2.57712741596489
Control-01,1481,56,308,174,3,4,210,251,404,282,264,239,360,257,-7,258,258,187,107,2.57712741596489,2.57712741596489
Control-01,1482,58,308,174,3,4,210,254,404,280,267,241,360,257,-7,258,258,187,107,2.57712741596489,2.57712741596489
Control-01,1483,58,308,174,3,4,213,259,406,277,267,244,360,257,-7,258,258,187,107,2.57712741596489,2.57712741596489
Control-01,1484,58,308,174,3,4,213,262,406,277,267,246,360,257,-7,258,258,187,107,2.57712741596489,2.57712741596489
Control-01,1485,59,308,174,3,4,215,262,406,275,267,246,360,254,-7,258,258,187,107,2.57712741596489,2.57712741596489
Control-01,1486,57,308,174,3,4,210,257,409,275,267,244,360,254,-7,258,258,187,107,2.57712741596489,2.57712741596489
Control-01,1487,57,308,174,3,4,210,249,409,275,267,241,360,254,-7,258,258,187,107,2.57712741596489,2.57712741596489
Control-01,1488,58,308,174,3,4,210,241,409,275,264,236,360,254,-7,258,258,187,107,2.57712741596489,2.57712741596489
Control-01,1489,57,308,174,3,4,213,226,406,277,267,233,360,257,-7,258,258,187,107,2.57712741596489,2.57712741596489
Control-01,1490,57,308,174,3,4,213,213,406,280,270,228,360,257,-7,258,258,187,107,2.57712741596489,2.57712741596489
Control-01,1491,58,308,174,2,4,251,208,406,280,272,223,360,257,-7,258,258,187,107,2.57712741596489,2.57712741596489
Control-01,1492,58,308,174,2,4,244,174,406,277,275,218,360,257,-7,258,258,187,107,2.57712741596489,2.57712741596489
Control-01,1493,57,308,174,2,4,257,164,409,275,277,215,360,257,-7,258,258,187,107,2.57712741596489,2.57712741596489
Control-01,1494,58,308,174,1,4,267,153,409,275,277,215,362,254,-7,258,258,187,107,2.57712741596489,2.57712741596489
Control-01,1495,59,308,174,1,4,282,156,414,264,277,215,362,251,-7,258,258,187,107,2.57712741596489,2.57712741596489
Control-01,1496,59,308,174,2,3,251,166,417,246,275,218,365,244,-7,258,258,187,107,2.57712741596489,2.57712741596489
Control-01,1497,58,308,174,2,3,228,177,411,213,272,223,368,236,-7,258,258,187,107,2.57712741596489,2.57712741596489
Control-01,1498,59,308,174,2,3,221,184,404,197,272,223,362,226,-7,258,258,187,107,2.57712741596489,2.57712741596489
Control-01,1499,57,308,174,2,2,215,195,388,179,270,226,360,221,-7,258,258,187,107,2.57712741596489,2.57712741596489
Control-01,1500,57,308,174,2,2,213,202,375,169,270,228,352,210,-7,258,258,187,107,2.57712741596489,2.57712741596489
Control-01,1501,56,308,174,2,2,215,200,357,164,270,226,352,210,-7,258,258,187,107,2.57712741596489,2.57712741596489
Control-01,1502,57,308,174,2,2,244,192,350,164,272,223,352,210,-7,258,258,187,107,2.57712741596489,2.57712741596489
Control-01,1503,57,308,174,2,2,257,161,342,161,275,218,350,208,-7,258,258,187,107,2.57712741596489,2.57712741596489
Control-01,1504,60,308,174,2,2,251,161,344,159,272,221,352,210,-7,258,258,187,107,2.57712741596489,2.57712741596489
Control-01,1505,58,308,174,2,2,236,177,368,161,272,221,352,210,-7,258,258,187,107,2.57712741596489,2.57712741596489
Control-01,1506,58,308,174,2,2,236,177,355,166,272,221,352,210,-7,258,258,187,107,2.57712741596489,2.57712741596489
Control-01,1507,55,308,174,2,2,218,192,388,177,272,226,357,218,-7,258,258,187,107,2.57712741596489,2.57712741596489
Control-01,1508,55,308,174,2,2,218,192,388,177,272,226,357,218,-7,258,258,187,107,2.57712741596489,2.57712741596489
Control-01,1509,57,308,174,2,3,218,197,399,195,270,226,362,226,-7,258,258,187,107,2.57712741596489,2.57712741596489
Control-01,1510,57,308,174,2,3,215,200,404,215,270,228,368,236,-7,258,258,187,107,2.57712741596489,2.57712741596489
Control-01,1511,59,308,174,2,3,210,208,411,246,270,228,365,244,-7,258,258,187,107,2.57712741596489,2.57712741596489
Control-01,1512,57,308,174,2,4,210,213,411,259,270,228,362,249,-7,258,258,187,107,2.57712741596489,2.57712741596489
Control-01,1513,57,308,174,3,4,210,215,409,270,267,231,362,251,-7,258,258,187,107,2.57712741596489,2.57712741596489
Control-01,1514,58,308,174,3,4,210,215,406,272,267,231,360,254,-7,258,258,187,107,2.57712741596489,2.57712741596489
Control-01,1515,56,308,174,3,4,210,221,409,272,267,231,360,254,-7,258,258,187,107,2.57712741596489,2.57712741596489
Control-01,1516,57,308,174,3,4,208,226,406,277,267,233,360,257,-7,258,258,187,107,2.57712741596489,2.57712741596489
Control-01,1517,58,308,174,3,4,208,228,406,277,267,233,360,257,-7,258,258,187,107,2.57712741596489,2.57712741596489
Control-01,1518,58,308,174,3,4,208,233,406,280,264,236,360,257,-7,258,258,187,107,2.57712741596489,2.57712741596489
Control-01,1519,58,308,174,3,4,210,233,406,277,267,236,360,257,-7,258,258,187,107,2.57712741596489,2.57712741596489
Control-01,1520,58,308,174,3,4,208,236,406,277,264,236,360,257,-7,258,258,187,107,2.57712741596489,2.57712741596489
Control-01,1521,56,308,174,3,4,208,236,406,277,267,239,360,257,-7,258,258,187,107,2.57712741596489,2.57712741596489
Control-01,1522,59,308,174,3,4,210,239,404,277,264,236,360,257,-7,258,258,187,107,2.57712741596489,2.57712741596489
